"cost_PF_acq_soc" "cost_PF_admin_soc" "cost_PF_soc" "cost_P_acq_soc" "cost_P_soc" "cost_PF_acq_trt" "cost_PF_admin_trt" "cost_PF_trt" "cost_P_acq_trt" "cost_P_trt" "cost_D" "cost_adv"
400 675.843182931034 5623.41167592299 2000 10184.7683198267 400 763.25486460285 3916.08661185024 4000 11107.1688507484 933.582629942654 4083.12603230643
400 590.851774540561 5898.43146921583 2000 11855.6568348849 400 837.269200179241 7373.95734952837 4000 8147.59254078404 1026.81642071234 4519.55447143459
400 624.033592281841 3790.96784524246 2000 8819.74943059532 400 691.323190515838 4119.78728454728 4000 9949.48860957548 1000.41583333829 4117.89596335707
400 556.601025023518 6588.90828036772 2000 9217.43532283387 400 649.07339483818 4260.15386634116 4000 9465.85679881342 1032.46874474203 3915.47568282473
400 573.072088567539 5390.86421157546 2000 9740.48070912505 400 615.129610013834 5752.15743616863 4000 10644.3497679762 994.799656263344 3607.68355990263
400 595.816822772116 4162.78560170216 2000 8883.59952827612 400 778.859716781428 6820.85879618765 4000 10432.2650578618 812.212603415837 3595.50737571022
400 656.127030852705 3889.84473100824 2000 9462.03235792198 400 660.880305270039 6255.56839018869 4000 10891.3381110548 1039.12867817225 4058.80473834973
400 526.687446229482 4445.39789387114 2000 8064.94672504198 400 587.418599951106 6444.12395343823 4000 11127.411467957 911.003271906214 4293.33149697601
400 623.871775211332 5261.05786842258 2000 11043.5312031675 400 651.346369472776 4912.79587131612 4000 9751.34553790202 886.11715964189 3881.43538296269
400 600.211199220645 4130.64208324943 2000 11398.5647181945 400 632.439591953527 4344.45950446561 4000 10690.1837136604 873.272528190678 4248.86295760645
400 570.932288459402 5033.77272142125 2000 9193.17684240559 400 707.652604659735 6821.72357732975 4000 13936.6494813445 899.986273110092 3876.25440719937
400 642.437840181924 5439.05319907358 2000 9216.6069108526 400 694.915771089518 7036.66978207148 4000 9536.41542732649 846.011519141979 3795.52313434655
400 628.425054270994 5730.01192497892 2000 12193.6610993595 400 678.396894254757 6422.26572509182 4000 12870.6052382889 1072.5603606169 3631.6478667962
400 584.678899469735 6379.58413317327 2000 10713.7388543133 400 661.007106886719 7307.57643455618 4000 11271.4172360516 1049.48695791937 3625.05753065865
400 562.41029184804 4936.4920335749 2000 10155.0065615587 400 842.213783694466 5642.50733954685 4000 10309.985044314 1021.75544049121 3795.54177035586
400 606.775150626402 4572.62757373882 2000 12357.7884110958 400 653.080252018302 5407.21671625096 4000 13891.8730058534 971.275545695741 4200.84829832875
400 575.65445969927 4978.84412851833 2000 10017.9120254238 400 600.583815401577 7329.57952998909 4000 11262.1496916978 1065.0377501956 3968.09022365445
400 614.004774897452 4015.68791849253 2000 9466.53290200089 400 763.882153473412 7073.32073221156 4000 11392.7357995936 1069.49350711261 3683.70491383928
400 634.848616968741 5900.46405130054 2000 9413.2073184526 400 551.593267696988 4240.97958824983 4000 10828.5972708785 1011.78961976365 4518.44345879467
400 639.274590540477 5693.44294075044 2000 9927.96222124858 400 813.813351606507 5766.7414825476 4000 11188.005197912 1031.41713362325 3975.73372213632
400 642.029440806256 5807.54965777659 2000 11482.485347935 400 707.948099781506 4114.43460191676 4000 13608.9210875438 977.392685561487 3718.86549018132
400 577.709898065996 5496.16547188545 2000 10741.2019936896 400 733.085206994119 7226.22460469179 4000 8126.03630779612 1113.31443893581 3937.27322561625
400 518.330900580519 5497.42703008682 2000 11490.209510246 400 719.295693894023 5641.25374623442 4000 10177.1908387126 965.349251038673 3764.69015600917
400 629.709931347206 5499.45559582961 2000 10369.6048391673 400 861.172793146997 4854.10618720663 4000 12679.7132905618 851.114906663088 4527.1203177157
400 590.198855130144 4671.42500390646 2000 9417.85878266206 400 711.926283122057 5883.43070684333 4000 9579.23962140313 958.675035707758 3748.12066245609
400 582.964770521122 4605.83121407021 2000 9319.6413825623 400 533.47882589064 5351.20488800057 4000 9489.10648712617 889.211856157474 4386.44123809766
400 666.263801470875 5299.31670627946 2000 9464.09872016675 400 741.221956109809 5425.84093734428 4000 11308.2648296413 967.178631299532 3147.3718053091
400 549.213155150531 5525.70549696288 2000 11131.7881185605 400 785.877130762729 4757.05597998535 4000 10437.7574984512 926.404779056819 3697.58098751525
400 618.763052472476 5420.3357901306 2000 10293.6792148436 400 578.244915161805 7812.95222494259 4000 11098.3635088246 1005.89274332188 3488.09418599524
400 593.533000687631 4819.7565421428 2000 11485.6593910942 400 665.707408934117 5179.43961319998 4000 11195.6604299811 968.284487168891 3940.28618672047
400 515.196279172444 5147.94737588777 2000 10276.4072479695 400 780.212409414558 7253.19654450683 4000 15602.0628714785 968.857999068506 3990.20989583624
400 647.276989486324 3782.33737119649 2000 12113.6548359662 400 615.467159799095 7273.46151223459 4000 9053.02662922887 869.498147729307 3947.73875837857
400 661.472237645012 3937.77063813653 2000 10076.9485895353 400 744.727549933423 6771.306173735 4000 10980.5242207816 1023.95786032388 4078.20255670889
400 673.089635980474 6585.89887657777 2000 10409.3542700177 400 684.073231103587 5189.77006124033 4000 10122.6413028088 753.16134406503 4170.65449163422
400 572.615296610751 5430.36821975812 2000 10495.7849522769 400 675.008260329415 5767.39377360251 4000 11901.8921568795 953.098617414885 3684.0316200413
400 687.155655410825 4341.94530602954 2000 9858.15551460973 400 658.924097966873 6174.17250243182 4000 11639.0899010165 802.62673092138 4668.98871149338
400 597.674310508875 4311.50907341241 2000 8969.44318276646 400 587.604725729036 3750.15482727299 4000 11660.5374463096 997.581609099305 3957.25793087603
400 678.486375907785 5710.22237463497 2000 10635.2522588436 400 650.182685880268 5069.99589792652 4000 9640.73495619192 1054.43922554684 3607.92469006258
400 565.265099515148 5282.4151856151 2000 9052.23778865997 400 904.070723387782 4832.75864321454 4000 7295.11908391736 1047.03828452562 4413.21626621456
400 555.24857705308 4802.26965056505 2000 11473.7004097264 400 704.807170035358 5560.76491043886 4000 12873.7886064787 1021.03957343387 3785.26593587275
400 585.45775513417 3786.03709669742 2000 9951.32110049946 400 613.667256290663 5461.92570946628 4000 11035.5378133498 980.895514679223 3322.60168534514
400 568.993668486755 6703.71149444726 2000 11378.0573151952 400 691.791341761054 7188.16782971477 4000 9083.95409333451 962.31183242377 4309.2778719603
400 658.57483781815 4517.01294199283 2000 9922.80829575438 400 829.880644198932 7228.23336942366 4000 9576.72222387455 1111.73931657565 4202.24960821273
400 571.070075800268 4387.62619816174 2000 10045.2193516651 400 625.472198673744 5065.12158195153 4000 9026.77743920466 1134.95778395255 4362.07071058425
400 618.206171392963 4862.04325606967 2000 11436.0782281997 400 781.010383198601 3924.37730029494 4000 8656.11338889457 873.461586237347 3912.5058486729
400 639.031704406118 4949.90761713472 2000 10654.6729015711 400 817.871778316946 5648.65009549254 4000 13107.9327445433 1086.92479403519 3806.58822852891
400 572.649873866586 5472.42065364858 2000 9885.73127225982 400 625.845504322808 5865.38356813734 4000 9184.10258368638 1029.56740443726 4161.84182045557
400 630.012466874924 3815.79522236035 2000 8779.38826177224 400 761.247311701292 6058.37837933654 4000 10819.2220018334 833.213209379582 3914.97600224242
400 612.724542716279 5345.83440140549 2000 10218.3892280546 400 609.174063746234 8337.95496575838 4000 12791.7460501431 1145.8253568186 3780.85421404576
400 602.470369239065 4346.55495299062 2000 10626.2545743765 400 745.031229894668 6574.79492892954 4000 10283.578168281 1012.88236054424 3975.90048811694
400 603.986997202233 4061.20679098331 2000 10475.9815841339 400 733.271269950641 6518.08744309442 4000 10659.0057092447 1110.03005402858 4014.14250130884
400 618.76874641117 4279.11214345826 2000 9618.30100390604 400 675.932043042887 5825.00437083124 4000 6832.05310281832 1046.46516680074 4579.62893229743
400 672.365630683213 4605.71058918322 2000 11422.9683889272 400 689.108238216245 5412.51584208405 4000 11413.2321118989 958.862288807393 3399.02976264296
400 576.114490110421 5282.11225890976 2000 8534.05006687299 400 761.886777485238 5454.73092783816 4000 9393.58918697603 1266.84992950114 4619.18421826475
400 617.10149838828 4143.80894424993 2000 8655.61623470675 400 796.500216908916 5485.13241686264 4000 8969.03101604774 924.495434137786 3959.67493524974
400 567.522346504862 5265.08487409504 2000 9883.64009420684 400 715.934229197085 5407.53708036353 4000 9328.68844437735 950.043826683108 4197.16303423127
400 518.11676277616 4871.90886719542 2000 11161.8801498005 400 679.415139265432 5649.52126424345 4000 10579.4662804361 992.687209345186 4018.28522452199
400 616.905454648096 4951.18703343504 2000 10527.7880560173 400 812.239660966014 4853.38902791623 4000 8527.70587704911 945.249356314474 3542.01085065633
400 540.693517331241 4505.67350755116 2000 11148.5806855331 400 732.595932139601 4537.45861608937 4000 10703.8880195719 1083.07873702496 3575.66624901631
400 587.472140291006 4525.0915042292 2000 9816.56167010629 400 620.532068987719 8634.3587145157 4000 10834.3280245403 990.739299949863 3845.20592166575
400 624.502972460977 5264.40414502265 2000 11326.3010048772 400 765.857029281373 5975.31991259302 4000 9566.64937507583 941.043562478362 3918.13034457088
400 553.563644821459 5158.26137763766 2000 9925.4686396938 400 754.365222691839 7928.83823200184 4000 8638.60240376112 1018.91813673189 3589.39896071633
400 620.238619880846 5282.23142972108 2000 11079.813100015 400 736.058132243416 4103.65636868239 4000 11759.3410394611 904.260854315161 3870.75897587443
400 603.511990192957 6430.75093748808 2000 11331.6027620305 400 665.115236995673 5937.63710037165 4000 12975.1242162517 1049.20453661434 4090.77174237421
400 599.055587884171 4784.49302703832 2000 10576.7150034881 400 630.912173060186 5696.61677525702 4000 9997.72161377765 947.757066357658 3698.81847207394
400 626.54592663335 4543.55664260916 2000 11804.398827947 400 455.031756114325 6389.94041622753 4000 10954.9638216274 932.385722164822 3820.03829138647
400 646.309685350215 5037.38920231672 2000 9956.16594410856 400 720.12570016907 6130.65472023383 4000 7614.28672844696 944.334631818419 3649.43733270068
400 577.308066438946 5525.88811903438 2000 10791.6505111613 400 722.290784296677 6769.0773690763 4000 13008.273709598 1033.55057627519 3918.94661032328
400 579.858789108762 5235.39766704758 2000 9841.08753373001 400 696.074934229687 8328.76965685768 4000 11150.9412442205 1095.91057715958 3812.6439886054
400 618.140993356334 5093.85509249813 2000 10349.5207468192 400 764.011969544795 6664.29188924037 4000 8212.05977791552 962.399634883213 4045.6033313447
400 543.891212742654 3719.52034390811 2000 10830.0935791326 400 609.307090976102 4411.58705322316 4000 11734.6713023694 986.573506858167 3950.5987440484
400 640.039838527918 3857.28637140608 2000 10765.4926123929 400 653.187148124017 7600.28701387832 4000 10470.3315534247 1038.33516217529 3794.53479017761
400 578.853995887781 4151.54712078208 2000 9049.0023942243 400 584.506450400832 6785.97464095365 4000 10156.6217374749 1034.2564686869 4997.0107090402
400 584.338680204461 4549.2156604151 2000 11433.5231930708 400 683.735292156293 5052.02588646126 4000 12892.7308974959 1099.11057471088 3631.50113273376
400 598.30191113871 5298.68546288688 2000 10912.9071213255 400 761.657723300075 6294.68881657847 4000 9197.21928803569 991.911568799889 3536.91987777255
400 613.619596269565 4899.02801413906 2000 10140.4562720555 400 739.18583289269 4443.78336329911 4000 10357.1488833023 971.947057361708 3780.27028571458
400 598.823330098443 6232.62817011376 2000 10676.2450393845 400 666.459844129387 6376.33201382188 4000 10448.7845359003 1024.87328921597 3717.76377173397
400 560.179459092802 4604.73377536223 2000 12475.9221596856 400 713.63326487448 6452.65343476449 4000 11396.0396795505 981.034755727213 4834.90861899732
400 580.046062294593 5505.15242176062 2000 11215.5418910123 400 562.148509077672 6128.01717999425 4000 14230.2474966007 825.089055526795 3690.38878656395
400 599.388944194808 4461.51694868093 2000 9306.97101302913 400 711.448130878078 5243.08632886488 4000 11605.5590293619 983.517385598191 3905.35214858771
400 541.904744610128 5745.40795240658 2000 11902.0051687841 400 850.33918383824 6351.98278664206 4000 14829.6345530707 1210.07283631005 5053.40661845843
400 643.276345902849 4563.77152446575 2000 10016.1287026003 400 643.199573344789 6653.54259096134 4000 11978.3814636233 1065.70989842265 4088.79305180927
400 650.420825210752 3933.33607120263 2000 10179.6903133349 400 710.806403182489 6551.44644616325 4000 9839.39211365656 998.629273460313 3670.25765550726
400 581.030498192406 5222.49635741342 2000 9192.59635819829 400 775.770207338485 4547.4575656883 4000 11497.4091605102 1181.39495341937 4093.99180639669
400 610.928279701547 5575.21203168402 2000 9920.33346745899 400 642.479627067988 5949.67954715526 4000 13294.6034655843 748.962682189697 4289.04914127081
400 625.224495666558 5404.69445144003 2000 9301.02589251167 400 692.716568856889 7829.15351771191 4000 14894.5385501277 893.156793003628 4321.9793286534
400 637.610748608844 4867.6008660441 2000 11310.224291729 400 634.703297692413 4934.34929202446 4000 9254.76301775423 1089.59399045095 4221.34322769598
400 549.12917704254 4941.11828185274 2000 11020.8598432415 400 615.974536244268 6118.59712663235 4000 12197.0437265305 928.824630918891 3597.7821725848
400 548.887408614195 5281.08182079482 2000 11521.3248112563 400 589.594908798748 5500.63202508283 4000 11598.3177277751 1025.32666338238 3910.35839162344
400 590.226495077297 4989.27945702326 2000 10159.9230300462 400 696.244034653974 7943.23154933019 4000 9939.40968285806 986.397957723267 3455.6509760072
400 611.748519256155 5376.97965702462 2000 10828.7085932422 400 717.193721447271 5596.79043748529 4000 12439.274456429 1102.31236757869 3976.19850308083
400 559.361945000085 5229.76028478844 2000 10786.5643529665 400 650.970832001693 7105.98944447717 4000 9467.20381380033 1263.62937311784 4527.48417475395
400 598.201030510659 6558.11380366195 2000 10460.251520201 400 687.700064586997 5523.50660193468 4000 11668.0656026847 1060.91437580514 4864.6793922723
400 589.951389849012 3537.7949330016 2000 11934.6984632574 400 661.903892266212 5232.15200508391 4000 12974.3732325033 1114.78754917739 4172.16456094767
400 552.871051156186 3419.25192474924 2000 11054.5496791295 400 729.385402023325 5629.1258616681 4000 10774.5446665512 1108.39097605579 3920.7934642448
400 515.933844926129 4655.52407605388 2000 12111.058322499 400 823.572865136374 5481.74279263971 4000 8830.91363806376 1011.52104012891 3312.64951802126
400 599.827671439564 5955.18421393351 2000 10926.5434495284 400 758.384081364825 7429.71872805777 4000 9137.93283708723 1097.49861522472 3968.95237735378
400 584.639270756244 5717.52741915898 2000 9934.91585003586 400 677.701107429878 6600.62177035106 4000 9278.37715285307 1031.87744381287 4149.02593973905
400 651.002685292303 5104.16382749697 2000 11571.2723339476 400 658.181505427447 5708.64416706427 4000 10438.1700872274 917.742819369544 4170.36648365379
400 606.165145903208 5376.89978765274 2000 11931.9044772401 400 576.88746913042 6025.09116638415 4000 11565.8822877975 902.982050388151 4148.15041612104
400 596.37834430791 4169.39424615989 2000 9629.41716036228 400 975.542390518985 5526.6270751196 4000 9828.98807199467 1069.66580127215 3996.16743845394
400 648.821411104119 6028.69790447274 2000 10549.8772013184 400 579.169144678625 6822.16290702425 4000 8081.15060223014 848.577477934881 3983.94564222836
400 626.219622804759 5671.5247412539 2000 9782.81084592553 400 592.698809283262 6180.08488094725 4000 10354.3665151146 987.232427581052 3964.32203547426
400 568.270803691869 4390.22225819643 2000 10677.0436999257 400 582.120856268268 5459.67635863745 4000 11183.573073744 1109.07411593833 4087.8484174163
400 591.810477227894 4026.65339270053 2000 10912.2238484541 400 704.23399479091 8370.80568633954 4000 14428.5451613993 1186.7568105246 3087.40247043868
400 579.298349484282 5126.67651009628 2000 11333.6821987568 400 645.099850884312 6422.70007594309 4000 10614.4105247495 898.052541725289 4345.0968840666
400 625.100807347744 4532.43540497786 2000 8800.03313560534 400 632.650272411107 7580.72649264449 4000 8497.02036425239 1045.22676744136 3990.94222139609
400 562.238740650743 5511.10161179496 2000 10428.2547259391 400 778.397120412792 6216.48803024936 4000 9085.16340749274 969.050087613888 3545.16642269106
400 651.251591828454 5663.68033051893 2000 10880.4107820956 400 665.215119024865 5500.86056036568 4000 12470.857040508 972.073001418433 4198.46606423359
400 537.616794151671 5072.68813871263 2000 11687.6420420703 400 564.62237786447 5862.18525021521 4000 11734.3909192544 832.39584111403 4089.82895562218
400 633.485315255894 5069.05149316162 2000 10419.4851953031 400 605.900576021411 5189.15304244884 4000 11471.8859089582 998.502664934991 4216.55295725273
400 582.168816412065 3787.1821246684 2000 9582.25877423288 400 528.13546258063 4397.67161071548 4000 10463.3149251772 1179.95014175488 3908.50191549771
400 653.360785483583 6465.11884597198 2000 10619.7271433778 400 769.353885119424 4430.18634131091 4000 16375.1346319051 879.456893967554 4021.69307238999
400 629.68097827295 4963.94447068866 2000 9633.81130907013 400 701.710286659622 5845.69895762447 4000 9198.90699702456 1057.59682910328 4059.34175510043
400 622.127538150305 3363.5287330891 2000 11539.3761183739 400 644.342243668604 5770.99897491077 4000 7981.15446151193 1084.91879187091 4161.32614670025
400 675.681067019905 4711.03158676568 2000 10712.2652312115 400 684.456456960908 4870.13499297523 4000 9024.8505277782 1027.74169024296 3625.57193883123
400 576.136137024628 6966.90512667669 2000 9961.11936314176 400 705.82259903566 6583.56452330804 4000 13439.3344509727 1117.22752293611 3670.723437242
400 560.331450776175 6694.88435611274 2000 8480.63627092218 400 739.663206307058 4016.34680256757 4000 12892.549011935 986.130258555473 4445.44672387733
400 608.295155875115 4386.73668982135 2000 11182.6217625206 400 710.657686329064 6666.07180467162 4000 13673.825444944 1035.72380033966 4173.39604229844
400 570.794891656516 4878.35557573609 2000 11661.0755889646 400 779.791338421207 5600.77511805714 4000 12709.2560289131 908.961408697271 3386.9990728086
400 556.202750693449 5044.8512443884 2000 8033.60050232938 400 632.378222849446 5061.34289699444 4000 10124.8777462182 1049.79302826276 3856.29483443793
400 593.231222166678 3292.32458287266 2000 8789.44496262306 400 683.619356166615 7400.68192972842 4000 9558.03863167879 880.795521827925 4349.49360985606
400 574.959327761996 4704.09043860641 2000 11337.3620233348 400 740.349824286277 5096.91017887475 4000 8446.70042034266 950.518132158123 3480.59273949819
400 604.919215076245 4529.24668738367 2000 11354.4069831745 400 820.905884346844 6162.85768577345 4000 12961.1526759765 1059.05116330464 3771.40783209412
400 697.991370544631 4407.56235034728 2000 9767.27029379874 400 636.310869794264 6272.51386453931 4000 11749.9030677989 975.631306177807 3599.35523942451
400 605.360727047752 3741.87872161366 2000 10508.9271428397 400 686.184670487849 7078.32406220697 4000 11267.451007424 1019.04026704982 4233.48079995141
400 518.98458051926 5127.26327625209 2000 9332.67042196667 400 814.611119472282 5658.52525233936 4000 8692.16579421973 1007.09028789799 4112.22169588172
400 627.639824538896 5397.55720712387 2000 11000.1278745832 400 740.564447574945 5658.60535865681 4000 11615.3413011785 1134.03017580823 4478.43977511761
400 584.584617859694 6116.30703040311 2000 9656.26523285183 400 671.768988766178 6583.25201983335 4000 7468.30416553593 845.624518349024 3732.80375352786
400 525.286973185247 6437.80294710049 2000 11391.089688125 400 737.807178404421 7070.38201322384 4000 13202.1111322638 1016.41818283402 3401.29603555054
400 575.161718701753 4734.62587483892 2000 10637.1857691366 400 694.845329424782 8691.0545634832 4000 11786.4777392165 886.281311269308 4312.16890287307
400 664.997736030182 4612.66435709942 2000 10419.8793833999 400 693.846102914012 5791.10074210525 4000 11790.2634415715 876.910844122593 5052.01400323126
400 655.635005747456 4062.46319293921 2000 10612.5963379849 400 719.377202632587 7380.77097254796 4000 9594.8733732204 1089.77317929826 3713.35136111596
400 561.366570752257 5570.75031941291 2000 9369.45859885908 400 815.399088832866 3737.7800606836 4000 13206.328696055 1149.48617369461 4362.59194621776
400 592.915418118954 4984.58159116825 2000 10601.6126078635 400 778.505546840953 6523.29536081688 4000 11899.5374949059 915.331148717584 4357.61727407512
400 619.517018822518 4483.23893514581 2000 11625.7325108839 400 676.982026176203 8445.90479268235 4000 10964.632223744 963.234670482603 4502.58617449011
400 612.949640739813 4728.81109236501 2000 9779.02798366502 400 656.474779046855 7520.00101691902 4000 13581.4153212727 1011.94453269491 3818.12284708183
400 593.077265280366 5572.52085516706 2000 9700.91387298796 400 689.310720249068 6069.19167219085 4000 9777.10715233685 982.117573051424 4112.41613145506
400 543.584284453829 5087.98028589511 2000 11333.3990926473 400 657.269029866375 5544.8068466516 4000 13101.3534997573 861.763289820863 3389.7592366704
400 605.231491614753 5110.03614151548 2000 9227.3066030949 400 628.014693461685 7736.48958789056 4000 10314.2725592668 1130.9619999635 3072.01893475391
400 685.121648529557 4925.33264939207 2000 10432.7493064806 400 728.399693168606 7395.36205628764 4000 10457.7349609473 973.349785097251 4824.77700515999
400 591.902521953665 4636.78033857818 2000 12376.1439577487 400 837.819361859407 5930.41880545116 4000 11042.3571781161 1050.31954993582 4500.41160504352
400 585.014730960533 4384.80233439721 2000 10133.3144085787 400 764.989478969541 6444.57493382268 4000 10282.1968733986 1033.70517305891 3817.26887408844
400 622.832033003317 5291.75354488824 2000 10724.9803760454 400 633.815904702353 6238.11616113127 4000 12794.3952749951 913.499442394085 3625.07639173863
400 629.89006524938 6857.99329892964 2000 10418.2770201371 400 645.8484162794 6092.32481534218 4000 11357.8384561073 1112.32548725066 4364.46895776044
400 667.920428822655 3581.30796327302 2000 9934.54120530246 400 680.509740238708 7881.38437021902 4000 9139.72432365627 1121.13064698996 3329.43827574723
400 564.725476714148 4691.91350967744 2000 12269.0153377619 400 694.460588615315 6544.00173668278 4000 7822.86851196298 989.791160018205 4181.71740022887
400 572.283997622119 4856.708360421 2000 10535.9838351583 400 821.820281551854 5623.74678814869 4000 8502.47762797841 891.591828920582 3834.97151676707
400 565.862315223965 4486.56513801381 2000 10792.8226165991 400 593.827125983143 6304.80341131789 4000 10188.6965170832 1004.49670747672 4036.20317402472
400 570.366089614046 6528.60720939325 2000 10795.8666034989 400 666.394991503737 6399.75705741838 4000 15115.3673705005 809.252400418902 4208.31636628402
400 547.998466471065 5749.29781061751 2000 12510.8836223857 400 762.603385852775 6376.50969528413 4000 8352.39732565898 886.539993846075 4066.42687918769
400 667.713351943105 4578.86010968909 2000 11379.0406927753 400 835.033461686259 5280.20427380214 4000 12935.0786786136 1174.63181181308 4028.6328507641
400 604.815521142527 4824.97150781683 2000 9262.93422945881 400 755.32070175128 5642.39182229406 4000 11041.3138035888 1084.80419629394 3161.9098359061
400 576.054046144095 5276.89203242143 2000 9171.98677307623 400 721.914602430644 6441.78264271367 4000 9015.37288176134 1012.11498927996 4159.57150096444
400 525.605273510301 6171.58872799446 2000 10896.1979897131 400 787.600468579963 5235.17647378244 4000 8549.96369878713 1056.88518230912 4181.6045757318
400 610.591774239779 4610.62273839832 2000 12632.4428585326 400 711.785382948087 6335.48713368756 4000 11671.1302627015 1030.1224931208 3567.72949038706
400 541.009036045361 5411.85405564715 2000 9787.69646227558 400 668.081922500172 6072.62971660962 4000 12365.147298443 995.090534216537 3512.02781002833
400 613.309752690213 4110.86906241324 2000 8443.40491360994 400 623.04076049597 5942.48305896509 4000 10235.407854717 1155.10448865104 3831.16993125111
400 626.607332922649 4481.02690441799 2000 10063.2814280245 400 710.992443244155 5485.56888840894 4000 11334.8127226851 1224.92875952793 4033.65706060807
400 589.741048993556 5642.40030310247 2000 10562.8818368213 400 717.324817921949 6819.45747134604 4000 11113.4517986227 865.919790523912 4182.83533843118
400 601.899381965743 3662.36890286682 2000 11018.6477074323 400 824.253859429566 6199.39940174161 4000 15110.5292560511 1135.11843012937 4266.97229210798
400 648.990511252965 5352.05038750465 2000 10669.1247794861 400 737.659866396223 6057.90767999443 4000 12100.1176855317 1126.15737809078 4115.35808895899
400 644.133904569408 5919.99664002112 2000 11201.3626419985 400 593.658394696792 5874.0458183794 4000 11984.7281847941 990.554476686569 3666.6178274977
400 614.613601102813 6250.2039211719 2000 9947.00016614615 400 743.60612920779 4675.56602980739 4000 9901.22978005705 1093.74544406265 3761.54639214549
400 648.835507933808 4722.02534850835 2000 10395.0626599682 400 724.342768839354 4921.33924169114 4000 14746.8545341939 878.247117476406 4703.80053036789
400 647.890286918488 4302.73840983783 2000 11015.7564026301 400 827.627135047574 5211.38745885926 4000 11533.9831509469 1247.42618962335 3612.37421339004
400 594.072728477451 7310.58575185742 2000 10693.2165137669 400 818.536900712567 6406.22428620688 4000 14528.1529473581 904.449658129609 4073.1737934488
400 595.437662004757 5107.46566340041 2000 11484.8320411739 400 589.664966417054 5528.55535367909 4000 12417.416488048 894.58158719733 3889.97599643703
400 675.095439149493 4901.21779888353 2000 9435.14811018728 400 767.949723969351 5827.03475398113 4000 10594.7652918026 1089.3218111325 3857.41103092066
400 656.841705384229 4440.26659041748 2000 11047.8453375079 400 635.786903321087 6149.31486905563 4000 12495.077362736 1104.97314056005 4071.4309894221
400 636.899213292155 6125.05939433905 2000 10727.1708792478 400 682.55380442282 5034.88925304365 4000 7805.90498438814 888.843077134991 4179.45909084224
400 638.447377715534 6179.38359534863 2000 10217.8203543355 400 536.548488650905 5031.992270449 4000 10609.2660650436 967.42067038749 4127.992387286
400 533.200374014034 4354.70281184006 2000 9225.52994257028 400 655.68379749217 5410.16701181903 4000 10643.1604478758 1123.50924298654 3633.48407455899
400 517.19629283867 5806.02351168454 2000 8635.65228085948 400 659.584570800897 6020.21138072023 4000 12900.2403865673 933.324883919794 4947.98677281212
400 649.559652163858 3917.98558297936 2000 10456.7644378658 400 757.225019207302 5393.81892109395 4000 9259.95703032615 920.541158651082 4402.65958713842
400 617.211767211917 5433.3907858422 2000 10084.2002542488 400 729.145631135963 5587.77610087699 4000 10091.2482203041 1059.01033805376 3800.76823598237
400 639.119945898566 5772.83402472484 2000 10395.8034072987 400 737.999028061316 5132.90928269939 4000 8823.34423854891 983.167602705288 4011.51850673622
400 635.297517960052 5266.41196083439 2000 9498.49996695372 400 644.943730946714 6161.58047861464 4000 9542.92564023279 1024.55645316563 3765.55361694704
400 570.887426183773 4494.16247193177 2000 9875.22516664151 400 684.826065636829 6015.34760975954 4000 9220.00904923066 917.493994697346 4205.82707501796
400 534.765738520075 6124.58345283182 2000 11810.1939826759 400 773.165686681563 5608.17182741831 4000 11512.9004501072 1073.44887192032 3831.95184669936
400 599.933547787584 4889.6147570924 2000 10864.9934549878 400 631.575802118041 5425.20956535603 4000 10173.1990477609 805.626918002234 4674.63916683738
400 553.904539240719 4370.22603283042 2000 10203.8649551455 400 756.898453856615 5053.28217660979 4000 9920.89434253457 974.168314160081 3536.84805109024
400 670.769111596035 4013.35425866712 2000 10614.5508542922 400 580.383460040127 5581.50191206965 4000 11962.115994256 893.282205439413 3702.88377706417
400 610.222316736643 4658.25247823369 2000 9519.21708130624 400 717.052337385581 8504.70220227264 4000 13187.1085673114 1128.07675159106 3618.18575162512
400 625.983654262335 5471.82812411176 2000 10092.0528346881 400 675.271514032914 5740.584414663 4000 11535.2840690886 872.478505232532 4020.49425968635
400 650.660747658157 4026.58304880029 2000 11149.0540352979 400 725.545405791062 5147.06783958881 4000 11505.8970985585 889.456088598046 4506.82120426895
400 614.230829378396 6723.97391980981 2000 10767.9539360921 400 598.758922322185 5628.40290562536 4000 10544.8228005688 1027.25228041204 3566.71839264602
400 643.244175649804 5823.84972749883 2000 11443.4479943627 400 658.313731428581 5467.83197030124 4000 12208.3286426157 1258.80904939616 3937.14864960966
400 597.90730881673 4451.61171076069 2000 11822.9281908496 400 701.358088581705 7292.37292149844 4000 12252.287071161 1102.53176131864 3768.54915193865
400 628.001062177759 6259.45103903694 2000 9669.42026354753 400 664.516974564531 4819.68111168993 4000 13544.5156928219 939.36906398163 3603.15255853161
400 611.587071066958 3800.26252088685 2000 11893.4154647808 400 652.364875679658 5385.76200869101 4000 13495.0753995338 1128.07829348609 3595.67742987719
400 619.510207829675 6392.56845065384 2000 10921.0668486692 400 679.767031966138 5832.89266629498 4000 10159.1533531435 1012.88366152429 3824.64797618979
400 598.591721159999 4314.27708717705 2000 9704.78119688224 400 638.559118486786 4636.00104264309 4000 10085.311385275 878.529470443593 3930.51787717093
400 642.090612489289 5820.90393617931 2000 10059.9194786962 400 686.662786732366 4554.68903769426 4000 11305.9490993232 1046.25859924126 3799.26984284368
400 655.540227389453 4479.86847382714 2000 9902.77713227121 400 558.83489864192 5024.89986474639 4000 12283.9298689339 952.496321035379 3807.64538061261
400 612.57313837869 3972.09660271266 2000 9288.74764868818 400 599.635850443468 6059.57940898433 4000 12065.3580419125 1066.96335584136 4156.06150180403
400 594.374527427968 4311.78241694622 2000 10291.8491004391 400 637.647099857564 5800.34641615782 4000 11647.0148666957 1000.65975439814 4133.95657614341
400 612.15275097906 3652.35037310132 2000 10600.9654349856 400 703.14591398902 5301.46082956893 4000 8406.50351116829 1064.75396256116 3653.00298495736
400 595.009572131448 6941.04814793698 2000 12038.8815554806 400 897.036624172602 7287.44659577648 4000 11683.164331996 910.271343223205 4389.88609734169
400 643.62008404841 4249.58151537288 2000 10489.183896086 400 817.705669247344 5947.73240947224 4000 9337.94898418605 991.520607456802 4110.25247062119
400 581.912921139358 4959.01783038681 2000 10188.30935334 400 809.272042267739 6039.77319616648 4000 9061.69147297977 925.85276466923 4027.60831022127
400 600.194417500487 4057.0715760373 2000 9625.4949333071 400 573.492747395519 6332.86601994608 4000 12084.0802568923 1001.02130409987 3993.08238216912
400 537.369819470297 3087.83916610966 2000 9835.09691755297 400 724.106325754184 7098.68405736259 4000 11631.1905090323 978.9104627271 3423.86203317142
400 606.125716557549 4343.97854013503 2000 9407.62858671683 400 746.516643376286 6633.68719004305 4000 10122.2903658421 1107.72243613002 4208.58046709661
400 567.801668491348 4214.20045258937 2000 9808.26991939289 400 664.698145119428 6403.22967358374 4000 8326.21237725763 913.331997083297 4710.27044455439
400 605.678071568837 6573.76416747981 2000 11306.2787973424 400 880.673559969401 6285.62395906084 4000 11437.2065993335 1101.81955914789 4059.546937472
400 550.766810658343 5877.33586784416 2000 10414.8086197835 400 734.135290867009 6925.80837426569 4000 10682.5507631891 1015.76566595829 4385.03857093028
400 671.59578563913 3918.06234959997 2000 9044.5948972666 400 666.817519626409 5774.05729494463 4000 10590.237322594 1006.34936112912 3998.53928585886
400 603.788260192226 5891.25973615801 2000 10839.8611221797 400 636.739589910269 6684.48189447457 4000 12079.3658796791 1163.90453601465 4190.51064468078
400 583.017886615673 5788.08875996672 2000 11713.4690025489 400 631.532121307594 5936.51041089486 4000 12011.4946711176 973.069448648246 3545.39855803035
400 637.766969370622 5221.20310725526 2000 11170.8553380121 400 715.4963012687 6788.85216677286 4000 12301.0368303054 962.255179132011 4070.56533873201
400 558.462768646877 4794.82533528846 2000 11271.8570821855 400 817.795126231046 5545.99259471113 4000 12056.6174709447 788.707200609329 4425.1123737356
400 654.97199716891 4422.11935394349 2000 10476.9476295878 400 700.157368529373 5681.84093032086 4000 12366.7174608248 1092.69858655035 5018.23385364391
400 675.068745334583 5464.48660501842 2000 9852.72442313552 400 694.094459049356 5613.01031192542 4000 12011.9082050058 1037.99828416836 4433.11977471971
400 579.060562886042 5523.27035980154 2000 9307.14042712293 400 613.745660262221 6085.09908748173 4000 10487.0695676231 903.183636908819 3982.93874396752
400 646.948359749878 4955.90050677186 2000 10772.5872806345 400 786.622167481886 4888.78657728583 4000 9557.67033943443 1178.61305468313 3740.98065258446
400 590.628014352966 4926.41089786085 2000 9952.71867912203 400 639.191145507321 6999.12542939959 4000 11600.9464041929 881.751604355563 3527.49102498983
400 558.656790267675 4002.14231054604 2000 10599.189247071 400 632.101401235325 6570.74707777848 4000 12355.4520411366 977.940821730848 4123.16632321305
400 607.811902049011 4205.63822855849 2000 10224.2974821594 400 759.760835391599 4743.65119085384 4000 9431.17241941933 902.037392066949 4017.11311499092
400 582.841417431869 6771.4312140777 2000 11719.8985945176 400 674.295899959815 5763.90580654925 4000 11586.6171288711 979.502191543456 3791.32867757705
400 711.51894400407 5141.85161509506 2000 11684.0074987175 400 702.421937996541 6890.20508595625 4000 10586.3450522194 876.967375568911 3973.23378629394
400 617.126320688886 7157.27714579109 2000 11773.3304452247 400 784.370260308837 3795.83994842864 4000 17620.5651857882 1016.79216804768 4478.37992420913
400 590.94797546028 4371.62029976068 2000 11584.7210171676 400 690.741843521774 7748.93659899099 4000 11804.0008227033 1026.57570504627 4557.18602958223
400 616.236082186696 4537.45653102674 2000 9266.41702547525 400 575.088605945514 6555.26722283845 4000 11768.5172153753 1080.90333429799 3934.08870400245
400 665.119502375586 5449.40448108971 2000 10871.1226206481 400 723.148231256609 6347.45788171665 4000 12027.9592376975 980.131866250147 4453.71048967328
400 650.378429305885 5121.64773071301 2000 10364.0251661988 400 905.655472692623 5928.29581685097 4000 10204.881469161 1023.70754275868 4092.05265626022
400 610.26989268516 5728.50909243512 2000 10310.5960754791 400 761.410188353622 5505.38716028671 4000 10429.4759424235 1009.02570833346 3931.35656180483
400 579.222641892204 3527.03215128775 2000 9903.83812687278 400 836.526769911146 5357.56571141429 4000 12634.3973226013 882.734754512814 4165.09899885932
400 544.103132936708 5874.55728483659 2000 11338.8418535803 400 703.634716800205 6833.87785507099 4000 10957.2201558092 842.134808962992 3523.24948315628
400 567.928989261477 7320.05194979533 2000 11124.1465108976 400 719.694967207829 6008.45327164143 4000 11748.0119931996 1096.76210232607 4129.20612162427
400 619.620799642001 5426.67290472348 2000 9994.92776564748 400 593.534567281369 6133.95870888071 4000 9901.09583483453 923.940318834863 3875.13751128719
400 623.367038668735 5647.49338409473 2000 10240.3441064638 400 614.927363576561 5307.38195218125 4000 11994.5772353705 920.568152932563 3821.44971671658
400 627.717715688995 6077.49317055513 2000 9902.74028517013 400 778.896009772255 5591.43010551383 4000 9410.16796525177 1080.43428487056 3879.94658817079
400 618.035383937231 5115.57206747242 2000 11181.2454512789 400 841.461901315996 5593.40402254331 4000 10242.0512714416 1133.71737462958 3954.93043304623
400 648.017454166819 3827.7010302063 2000 10328.2538336981 400 779.965646116265 4625.12020369599 4000 9076.74281597475 1055.67997596567 4368.13649573767
400 552.175168739298 5861.0897326073 2000 10368.9315566601 400 788.985017827497 5701.29483854168 4000 8179.75518860594 1054.23950392501 4012.76254623359
400 569.344692538317 5307.74114546204 2000 8687.87958054207 400 653.565534057917 4313.55995544524 4000 11215.5806641326 969.894710671525 3803.92029376708
400 571.404546944967 4396.32860091786 2000 10241.4358113547 400 691.026165108994 6130.573105366 4000 8465.80780856791 1002.76377827366 3983.96739043677
400 589.775703861583 6896.02564413499 2000 9929.14819841564 400 750.913531604932 4813.27884945766 4000 13597.4946164361 992.036545315453 3379.69752198639
400 643.305914498387 5207.91876837243 2000 10214.5916708333 400 794.148147451122 7240.47911587804 4000 8578.69715274615 1022.19330207245 4265.89321592437
400 579.6668581172 5733.95738715384 2000 11259.7660990817 400 675.723187076899 6632.24819928011 4000 16121.7818512121 1180.62595595218 3683.77490656625
400 594.246370355638 5406.50381992031 2000 10889.1551247099 400 713.258895808556 5012.34745251947 4000 8857.26564412072 1094.07500394785 4049.21176951374
400 544.032648453505 5092.53744807231 2000 9366.46674303412 400 656.563818891691 5739.9443753388 4000 13306.8445841827 1110.74113148661 3946.8150469759
400 549.252009715799 5394.81779006007 2000 9864.78238034537 400 816.972886985352 5821.4691992738 4000 10535.9434409968 900.98990200243 4333.14340520122
400 503.80544835339 6128.99041738706 2000 11550.4727565004 400 826.704845774345 5979.11154257568 4000 12077.5632409184 1157.62899340956 4009.78402630084
400 557.147677283912 4353.18858424059 2000 8809.09680733174 400 701.943971840246 5930.05638389946 4000 10737.2466527187 1103.76299596571 4375.11197821765
400 538.147980375975 5135.58751613362 2000 10726.287534498 400 624.557481844978 5922.68122490899 4000 9487.43112411203 944.854947370338 3868.26483549133
400 518.850124471864 5533.76937910008 2000 10040.709423634 400 822.745205920311 6307.33766301181 4000 11192.0364055136 1009.76223990037 3274.85281761951
400 570.893388032571 4361.58452145782 2000 11384.9780730101 400 692.323471446874 5712.82294317595 4000 10917.8669340837 1033.52186990083 3419.83220961694
400 598.705273523802 4519.97001411431 2000 11181.1724544136 400 534.629392104319 5566.87115260974 4000 8642.45813563436 1114.11518726948 4306.8783565934
400 600.94346846093 5495.01464199537 2000 11780.3304908679 400 663.205637958592 6209.76451847297 4000 11483.8562873662 893.907686789226 4229.30991985424
400 571.627134101063 5569.79460259455 2000 11673.2978137389 400 871.267509657522 5076.47797632141 4000 11714.5372440221 909.461530022718 3353.3324519757
400 658.378478672065 4841.62134953805 2000 10244.6463960133 400 650.295217130299 6231.12309811771 4000 10448.7779974736 965.261056274813 3785.2131753642
400 647.049119158691 4587.61840524468 2000 11108.403247619 400 670.701033038397 5488.32637363955 4000 10043.6399619754 1047.4423283946 4093.36534480833
400 593.286813599771 6565.93998739248 2000 10890.9252600454 400 677.421007041578 5489.78769658187 4000 11333.2612066725 820.665878438646 4027.72535090708
400 552.14888687882 6468.13071322652 2000 10506.2237155576 400 566.860168378589 9330.84038647806 4000 14591.2510608935 912.021318470476 4766.26400190878
400 632.009688028016 5118.01469102038 2000 11909.7119046496 400 694.815549071176 5911.67991728849 4000 10211.8852486558 1138.36023692861 3679.89080026306
400 605.808345015712 4731.37414542534 2000 12996.4085593304 400 764.178198800268 5647.65700603448 4000 10790.243864894 926.728510072287 3571.60854410442
400 555.575177742836 5889.61167877007 2000 9300.29967330748 400 783.101562235278 6562.26185526466 4000 11175.1693588189 1082.4974143656 4799.48202196997
400 594.074779306531 4692.07631679901 2000 10026.0640140754 400 959.039257569644 5885.82850360705 4000 9525.99569129529 1052.59953215291 3974.03350718456
400 587.167238766906 4643.83784515014 2000 11449.8209896739 400 798.426260483076 5565.19947236534 4000 9540.95548563261 820.023016812237 3897.6349964717
400 638.82994737201 5555.99012158802 2000 11927.472382509 400 576.567247161474 5141.48551597998 4000 10169.7966417282 989.886467687206 3898.44478072592
400 572.17299941109 5165.66175938596 2000 10736.2543823468 400 797.740146571901 5246.57833992001 4000 9010.67623965498 1105.34430409743 4009.4437473337
400 612.266470736612 5207.26875323724 2000 11421.0128645625 400 607.606326727646 7602.07523077905 4000 18271.3644900091 899.600111425413 4659.47612553553
400 616.492980438109 4932.51951441275 2000 11473.7209195923 400 704.872297030971 7408.13712018971 4000 10977.1586586153 1007.19872560449 4018.24762185277
400 604.732388661829 4116.8590830928 2000 10344.7089428148 400 817.71487096409 5718.70866267794 4000 9078.45945481206 1127.63674005748 3622.9572007619
400 583.701887514895 4644.76298797723 2000 10174.3135164232 400 687.643293244603 5038.35764430174 4000 8799.68245250785 899.236699138755 4268.19458945966
400 545.066215687691 4091.77895678837 2000 9857.59974871605 400 723.675973127838 4997.88337928868 4000 11226.1684543438 1021.24023934006 3899.72998730141
400 561.414162152295 5264.6682024224 2000 9350.12096639057 400 681.196356260344 5597.63176438653 4000 12961.4754164702 949.927417361182 4203.18086366276
400 546.114486278642 5132.03538223133 2000 10377.5420864379 400 747.803607616246 5789.77699729988 4000 9156.19190198968 948.583815911156 3821.20101618986
400 670.20985062134 3951.22932986976 2000 8138.2950145112 400 691.700193664742 4882.89772276318 4000 12730.9333880648 873.849303055835 4193.06787455801
400 626.453730071107 4516.00659779922 2000 10772.7270009321 400 765.465539938548 4619.93936476378 4000 10414.1883545168 913.327478597205 3772.92490732887
400 574.137625224522 4293.55735776298 2000 9232.91849289664 400 693.380449995652 6371.22591385712 4000 8664.89594486559 1120.54381300384 4090.43178441608
400 579.798668077185 4073.81455935519 2000 9499.75079397238 400 814.861866814512 8637.47308126753 4000 12730.7916273438 1166.21280095209 4154.98633705462
400 595.994000900009 6239.51784313567 2000 10446.1766352092 400 608.35307028447 5957.05792873237 4000 9037.28530194404 1094.22719591059 4086.64396665648
400 642.691530364364 6532.2307661801 2000 10256.2046093342 400 722.663783541206 5588.56027432499 4000 8070.21397404904 960.67885387841 4222.33622616435
400 581.426841874734 4995.54353855951 2000 10277.0017050476 400 611.928259392888 7365.27174612179 4000 8104.55359763014 1127.39854490385 3988.77083884692
400 557.192906164946 5246.43274682567 2000 9155.72404099126 400 724.953770068042 6171.16818272282 4000 10759.7755990863 1068.28521574965 3540.69489850356
400 728.703516720301 4483.66188288898 2000 10092.8755880586 400 814.779325304896 5144.59645860598 4000 12293.0558376086 945.611061712903 3923.09643691099
400 500.008313727963 5626.58007950381 2000 10873.6877535697 400 668.794427020951 5491.58574067663 4000 13463.8757643295 1126.45858996083 4111.03156375597
400 671.494395213491 6880.64098289704 2000 10613.7088487422 400 692.648752739284 6760.32688174164 4000 10519.0173962688 865.475744702272 4556.70940918413
400 623.554331314311 4251.65753560935 2000 10819.5610461765 400 735.933239937981 7128.08801966809 4000 10839.3510384682 824.800060630709 3618.21575779347
400 581.992149563844 3782.12037162113 2000 11255.0572540958 400 773.01878924748 6610.04829678009 4000 11097.2484143523 1013.85740075385 4093.44862025686
400 596.185098049347 3891.5869892852 2000 11492.3996967735 400 659.715521467769 5624.10885168805 4000 11512.9028468473 1068.76335394449 4148.20619871479
400 604.380303759198 6199.51370840278 2000 11026.0604240873 400 813.756500640994 6077.31025738691 4000 15413.5841306974 1062.67321497438 3926.18669485902
400 616.081055869172 5415.95896061377 2000 10512.1922548597 400 653.344123416706 8210.92074795303 4000 10064.7935224249 908.851746321888 4605.74847466427
400 616.525086271507 5180.76131172343 2000 11422.6079970627 400 701.126144571638 7706.83669494568 4000 11880.0834973674 1076.05089052303 4112.48945628313
400 666.240955797106 6259.71350458133 2000 10454.4248423577 400 731.032970039453 5416.273649162 4000 14524.7838125237 1177.35891054382 3762.56823566806
400 546.146269256 3496.62865110307 2000 11907.0531107749 400 686.805909616669 6006.6908345265 4000 12015.7554886777 1157.05645803919 3993.94871265469
400 572.638980777174 4888.59445669951 2000 10588.7076003347 400 701.33366640864 5250.0679211846 4000 9954.79091740716 1109.38278836945 4372.65118012149
400 612.59964151994 6152.20562730477 2000 10216.0757525035 400 674.233346407501 5174.07171909428 4000 8462.60082299829 966.705725930422 4240.98935600046
400 567.774782571488 3575.31785967966 2000 10832.0774829557 400 629.643919888709 5804.50775245913 4000 12028.4103605983 867.139634948804 3802.5634638364
400 578.160132015693 5814.55344720877 2000 9510.79219382093 400 558.360862321268 6041.98079550752 4000 13905.8129241451 1093.72043626496 3762.87029496734
400 604.563856919187 6458.39841860762 2000 11720.3713445645 400 804.241823156637 5326.15544732003 4000 10326.03888458 1066.95815678205 4344.4024436395
400 556.84439161264 3563.01065513693 2000 10165.4559441444 400 711.628077737899 5934.71109010319 4000 10606.0603104252 1020.19252177806 4386.24079530516
400 613.146444586929 4655.29643357958 2000 11662.3093948678 400 823.02543319886 7701.06261331691 4000 9894.78889349094 940.071053569064 4015.58801783551
400 636.957780592859 5329.70432594934 2000 9856.38396010016 400 752.517104585452 5607.45924643974 4000 10235.0789112763 826.596562884874 3998.53927846966
400 530.206348255214 5950.26263744423 2000 12247.9266685249 400 677.518925374732 6886.92981741329 4000 7884.29079949413 978.518518462745 3872.70292729668
400 538.733001399264 4918.23109838041 2000 9935.18381880983 400 739.902653698365 5501.8971885231 4000 10904.8566721411 1053.43853639839 3721.96849805161
400 555.8050061056 4840.83100559793 2000 9994.7347082467 400 693.824630971121 7686.32396596382 4000 6346.58308217314 1102.04138471444 4298.43607975582
400 577.75631019208 4899.73004610748 2000 11405.2903031512 400 646.822496211844 6300.3000143813 4000 10059.0767048489 1039.96143183121 4526.30091071599
400 568.430944877436 4185.81089128579 2000 10786.7180627102 400 739.138758319243 6761.31880577211 4000 17893.3758046145 919.780937161899 4774.0207593152
400 580.780272382755 4912.75434734238 2000 10637.2188469701 400 739.979966096903 4823.41863436725 4000 9854.54908942329 939.892277327912 3644.78915345486
400 633.064596928376 3268.22285444428 2000 11187.700764524 400 771.925821015064 6780.50294922858 4000 8680.47290060143 895.978218552546 4485.80753599172
400 604.290017496798 4316.75880757499 2000 9808.63426754471 400 734.198297903276 6121.01163484799 4000 12258.3518216399 915.634549445457 4232.40208550047
400 611.117468064313 4866.52555407175 2000 10522.7000756638 400 657.986974731183 5676.18013411954 4000 13317.1035261018 942.426013744463 3726.47217291503
400 574.836760011218 5739.37757490172 2000 11506.5219964157 400 748.844418159489 6395.01955701749 4000 9931.97286646146 1051.02964852058 3904.09441734709
400 630.821676486468 6047.59268708117 2000 12233.0232379227 400 522.589559178948 6524.52159436395 4000 8608.24285551167 1099.50603568288 4145.85195881859
400 567.473865356879 6165.74621511232 2000 11757.4257954627 400 661.816081671011 5661.02562914981 4000 13396.5164035367 1226.29923323889 3984.18090408212
400 563.775971461088 6332.46367072841 2000 9640.56463188845 400 590.363765884463 6081.11122967438 4000 13117.3334123309 1005.95127917267 3672.8908356811
400 549.339469883949 5168.46090415901 2000 10581.1368606795 400 674.492840556014 6136.87590362758 4000 11562.6481576427 879.368364374016 4122.93018901629
400 676.203957499232 4620.0762551116 2000 10571.8889790261 400 823.295770106218 7292.54716009566 4000 11889.7833838599 995.699748320842 4683.7370276968
400 603.409799869461 5522.34031519376 2000 10794.6917930765 400 707.142756461122 5366.01234203721 4000 10799.5494440602 1032.81851189356 4316.59360778176
400 659.000520529248 5240.52152938819 2000 9192.57691376052 400 775.751001529291 6648.9984257037 4000 12188.6489625619 946.26230207193 4008.87361299396
400 576.419961250864 4667.8582647594 2000 11830.6274742669 400 687.319526940158 5929.78856638528 4000 12246.9443469098 969.79874099767 4095.15365206362
400 621.772639199417 5662.84114119208 2000 9614.45340936595 400 671.944541803187 5660.76869048736 4000 14509.8619776154 1047.96123595671 3999.57011157059
400 554.415698938983 4499.8340121757 2000 9081.28005105647 400 739.33177212418 8245.07976383756 4000 10141.7202652883 1058.94398891828 4006.62109871729
400 620.356285347724 6187.80954276057 2000 11222.3369463289 400 680.817317589714 7043.60074162036 4000 13238.1718318946 1158.09594319153 4141.75773122292
400 554.750503441873 5246.09362565833 2000 9725.05258292009 400 644.403584685287 5705.74912159757 4000 13944.9868863989 850.242970912566 4142.05743602044
400 653.145689549298 5056.34992338946 2000 11108.3031501822 400 589.941493284626 6629.99027236196 4000 11949.248090334 1085.77100255709 4145.0172459569
400 597.670367540392 4879.54556803492 2000 9449.8094379725 400 714.665009613899 5694.40890083242 4000 7497.06504322378 884.417474314078 3786.75173594283
400 636.787616224286 5872.28653585352 2000 8547.87994156426 400 596.826966491687 5676.00932972856 4000 12114.0734978523 1076.00224939943 4113.95453426752
400 583.85854822043 3990.75509690712 2000 10404.5932984999 400 651.038534501023 5689.96022798799 4000 11293.7958607984 842.421766327323 4574.76808464325
400 581.908941345217 5850.32489539446 2000 10622.1647802846 400 853.85346887711 5826.30976833167 4000 9345.30266177838 810.456080427221 3585.79442076621
400 675.71985445051 3998.26871262825 2000 9870.67303816908 400 750.317865763288 5495.21868668852 4000 9516.73959706166 1170.73926300446 4003.11374559141
400 626.972409649083 4760.46253389145 2000 11029.5428058665 400 720.912705546549 7466.56618705663 4000 5693.31984969297 1038.55133250976 3179.46536389231
400 680.468467780185 5115.54225366248 2000 12049.3317607396 400 681.290652483299 4901.55328138886 4000 12658.3939548475 870.68807269561 3825.18658049178
400 634.484356545042 3758.14321044675 2000 9729.35815724244 400 626.364710095122 5630.53442973358 4000 9992.99578192678 1009.81058859684 4117.05311061265
400 632.785068917915 5672.84978086159 2000 10047.8286895707 400 648.721152665179 6551.71345967478 4000 13211.3874321567 934.560386137798 3973.01390707567
400 646.497105802069 5100.565115285 2000 11337.4284975064 400 757.803203897715 7581.98599848265 4000 12101.6269161818 1148.18984645447 3795.6372641087
400 624.210875112302 4601.47042504307 2000 10004.4845320425 400 658.908907690731 5121.63231382369 4000 11630.7290941469 1090.1020317651 4468.39304452105
400 558.87013076349 5144.95901677574 2000 9035.86988159341 400 704.169127679968 5592.5079420071 4000 8572.29068054939 1034.7037948241 4306.29599837962
400 589.077391123318 6604.99199892593 2000 11573.4670002053 400 772.150139974996 7676.57738542791 4000 10379.3061997903 963.157956198823 4159.09036667071
400 599.250615295257 5884.93911777145 2000 9656.16319681325 400 725.22628171655 6174.56361821681 4000 10814.4905175623 1057.53732642949 4110.57911615814
400 609.191708924002 5016.50514553794 2000 11001.4606655254 400 603.29987110912 4751.45116198653 4000 13058.1138813501 992.254988354048 4292.30800475487
400 578.647111694351 5287.75684471378 2000 11670.216989498 400 889.590566420886 5758.81767871719 4000 9352.18816952909 861.409439881473 3677.6031412267
400 630.857070543445 5076.86668896258 2000 10323.8287088513 400 805.450106798154 6704.21137116539 4000 8648.76023792012 1048.65440177403 3575.07346608244
400 613.187279043362 4173.09817744916 2000 9296.57137484041 400 594.524099202505 5669.18135984292 4000 10666.8756603031 983.965624893883 3179.79150892814
400 581.498644664408 5810.87162757566 2000 9780.03177330102 400 629.525971096993 5715.89210598872 4000 7094.83826081974 946.517162594518 4003.46666006828
400 540.900712127153 6455.81000270907 2000 9244.26814963607 400 821.384474052205 6370.23458479335 4000 10804.0070974263 892.468430136978 4072.26816646503
400 610.994747049254 5526.96858620094 2000 9353.15284684781 400 603.676826654726 5934.79179951428 4000 11293.4070446892 1088.68090819892 4290.61666260744
400 572.270701654545 4248.86743209144 2000 10943.440895227 400 747.294168480272 5940.64854786118 4000 12568.9333196594 925.731441195974 4040.34808684945
400 487.082247015301 6428.60370908536 2000 9909.6614626786 400 691.93351838844 7247.83357464171 4000 11934.9859548306 889.363035261698 4157.9641923481
400 625.196786892446 5752.81679066203 2000 10039.9291115659 400 675.42291488238 5077.07323537756 4000 8641.06172798353 1182.14716114404 4327.7199385212
400 628.353378178875 3958.5356084337 2000 9007.84180717887 400 800.973950104502 6144.03590340124 4000 12416.0174918017 960.101495391069 4095.33334257874
400 693.259208151217 4498.50427664988 2000 10320.5814045517 400 677.933312132205 5841.9940557632 4000 11960.1471527838 1057.91491269281 4464.4371798214
400 601.842153071535 4198.49326898059 2000 10240.7687122731 400 786.623311890271 5149.95062934356 4000 12199.0493732266 1183.35740317617 4310.6578208317
400 610.19559350473 5139.1041329391 2000 10875.2414605653 400 853.109062943764 6067.46015323264 4000 8976.36236738569 1077.45645528708 3698.87095122259
400 546.924036279212 3907.62694160734 2000 12111.9822054811 400 706.519378274063 5742.44857991521 4000 15344.3198040395 1060.0890032903 4150.90889277972
400 538.094175734493 5590.24347852519 2000 11010.0586076567 400 595.891997414601 5972.94845850061 4000 7498.93533835305 1074.54470283355 4582.89050520676
400 593.91410030566 5904.59461262785 2000 9252.30209852369 400 623.818887029216 5417.99472312275 4000 13750.2719229804 869.613113307001 3193.22225211437
400 602.2893637944 5372.93678560975 2000 12464.2692728745 400 704.56641795413 5752.32426443327 4000 11679.4478733487 979.831391499848 4120.4029451542
400 626.623820236051 5087.8366331354 2000 10589.8541594426 400 675.093461310234 6216.81383548643 4000 14730.6225535133 1078.18643739662 3978.613961364
400 639.921757636369 6128.72450514996 2000 9747.43540611498 400 725.086163365325 5710.18157789573 4000 10858.6062232423 944.869034212832 4509.6890397736
400 595.474781367167 4863.80979140143 2000 11992.0996619726 400 641.206713566541 4978.78988274365 4000 10151.7408217189 942.524200971037 4502.33290948057
400 577.591466572771 5039.46113129776 2000 11790.5267187337 400 708.729836719894 5018.21130855246 4000 8159.81615285429 931.683147642939 4470.27841133009
400 690.085486094834 4378.464407455 2000 9105.66896454428 400 764.895029891021 6226.04884140169 4000 11643.6999796521 865.18705917608 4060.81661518494
400 589.964936515106 5615.89189398529 2000 10342.4938564736 400 626.204467079183 6466.50213906904 4000 9914.62235737664 1027.25293610984 3533.86716744087
400 565.528298574691 5813.48976424374 2000 10859.6452505148 400 679.439019028302 6016.8645891323 4000 9159.49944825297 988.87689607316 3792.32730184876
400 548.651085320353 4505.48843464488 2000 11708.0668104409 400 805.818443313624 5066.03375555681 4000 9744.28359293726 952.934475811309 4840.20600018394
400 621.649063270292 5335.0686989688 2000 11156.5850005856 400 637.73056627173 5686.18077895192 4000 10090.4427265053 962.937018878337 3808.16384770811
400 567.534138780414 4110.87240320848 2000 10851.5701088364 400 758.938974585564 7743.32500078893 4000 11601.9802870826 1221.87394051726 4724.9238385593
400 596.53923254602 4750.86724508721 2000 8744.89896819084 400 616.46049046459 5974.8532528782 4000 10992.6945952452 1119.4386494268 4259.28858467091
400 591.511189921851 5736.81632992414 2000 11877.2849463956 400 523.25844491253 4953.19518983659 4000 16079.9107587773 1104.1431481523 3866.28385954357
400 645.188012252664 5274.61141208888 2000 9325.67205162294 400 660.089656432204 7330.08785177821 4000 7360.52247813724 1029.11548718814 3618.75232430769
400 573.652759121116 4195.94174345437 2000 10033.7315126637 400 612.507054319868 5362.1245757127 4000 9891.75689868077 1102.12186398907 3457.54700061493
400 621.81596190647 5257.89292710185 2000 10450.5659504765 400 718.231173242707 6380.56738878849 4000 11773.3662856933 928.396531598944 3554.22778635233
400 609.028659343787 6265.06153991595 2000 11482.2831395585 400 641.921096934647 6998.24885535731 4000 12135.8117617846 909.028833625613 4403.06228010207
400 578.003861384139 5044.18651153537 2000 10053.3013747742 400 648.561853524946 5519.35063011741 4000 8239.10316090919 878.988891276432 4129.38354834618
400 648.018342874269 5676.6134172212 2000 12639.1586830379 400 627.076735408284 7749.4625493231 4000 10899.1227995183 1087.22066388911 3613.03265984109
400 545.56175823572 6269.92868369323 2000 10823.1381370142 400 628.165039343224 5718.58671564865 4000 12373.0641231681 841.600042668103 3926.6954348955
400 684.361875739928 6138.44295459138 2000 10495.3158425775 400 727.336789107711 6343.2757227141 4000 14420.6752644658 1073.35031413651 3740.78673657507
400 555.085172330621 4852.79969628503 2000 10888.358265783 400 782.843203589596 5853.36949225863 4000 9620.63642770676 1066.07589654252 4045.96256486291
400 573.401145735847 4712.36094695871 2000 11869.2698512285 400 728.46205168313 6261.02494468817 4000 13318.2608689233 994.740276489704 4463.94107755552
400 645.594210559196 5421.84156790639 2000 10652.8762025551 400 681.652618075147 5557.22182712756 4000 8230.83456417735 848.490132531333 3685.98138100851
400 623.015346735359 5750.24948983598 2000 10034.9924696021 400 616.331507380358 5242.56223154972 4000 10256.1916747471 1013.18161842449 4205.2511415567
400 573.895303774368 6021.28828926458 2000 9026.65934490828 400 965.595590464739 5584.72960360078 4000 10421.4847747798 859.197390387995 4213.99722484045
400 609.291766447826 5042.1694699701 2000 10372.1614423934 400 712.993076334876 6096.66126286265 4000 11457.9696723701 1023.99483921975 4218.01211861952
400 613.251279917607 3999.24468949577 2000 8867.90006503424 400 603.730382513234 5519.57680005243 4000 8921.1972527638 1147.78130173882 3940.01396720295
400 602.298421691515 4378.50208400704 2000 12054.6336792839 400 824.89517279881 6197.84041666332 4000 11872.6672090025 1026.84168879281 3029.78201914238
400 566.969706908545 4416.66742931788 2000 11099.1809534788 400 631.12547702455 6239.29664552308 4000 10150.9545758973 804.580017262068 4842.29222784318
400 578.121245018809 3431.17068903569 2000 11064.1144387398 400 629.740163076546 5006.28722393079 4000 14092.5303210937 999.370646588608 3794.71448076611
400 576.918117541191 4817.11825077019 2000 9361.32214665097 400 745.065064688052 5367.35040538552 4000 11499.6572125718 1089.55333577418 4294.43521324728
400 643.87756194622 4412.94937271097 2000 8934.3795381207 400 675.089998865083 5884.45781302732 4000 9718.98350464436 830.224043580695 3322.80839679821
400 647.177222702008 5917.47559358754 2000 10361.0522657298 400 849.151214016405 6922.11004150917 4000 11042.9824136674 909.378679602974 4225.30637841241
400 635.551327692497 4386.62334742002 2000 11333.4743865918 400 664.913699610088 5273.89154751869 4000 10423.0214642236 944.727982303847 3841.38370535722
400 564.413132941465 5142.2231456818 2000 10881.3258092344 400 687.27688021209 7086.72984433364 4000 9927.15768335523 864.247918352665 3305.095410739
400 600.121077796664 4180.74905805896 2000 9800.24221045427 400 670.863546263548 6166.37129099024 4000 9348.51578826313 1038.44763800928 3507.06393516099
400 649.380710131845 5087.99727708207 2000 10316.7404660123 400 570.577686144759 5981.42491274751 4000 7628.63323526303 1059.43941848828 4394.21758490387
400 673.459473364187 5835.59583393838 2000 10090.3606345304 400 731.646259767128 5619.8202830434 4000 11226.0955534666 948.742208676798 4068.71491328654
400 669.940140399547 3331.61730874031 2000 9571.09527418905 400 667.13748824332 5207.85219427944 4000 13961.1110146056 993.244651620656 3564.20379983006
400 603.760219314346 5312.02727433258 2000 9883.74793559374 400 674.429917519541 6590.5433266667 4000 12798.535600808 988.11803121652 3632.53680678871
400 566.726374102874 4974.00720568126 2000 9680.88516057051 400 723.868575660522 5872.80246880654 4000 9610.10797037468 1071.34544968979 3884.59226067165
400 590.305602432236 5266.16913044517 2000 9082.89205619041 400 760.148359473646 7469.00192935985 4000 15842.0189636583 1020.45881958984 3532.83432704784
400 613.975355879433 5288.60061125157 2000 9199.15167142229 400 633.763388887476 5525.84595565611 4000 9473.81985164401 1074.07151316662 3709.79161391256
400 571.319385117245 5405.67475191947 2000 10369.1833792183 400 582.480776328206 6758.99295963937 4000 10178.795302275 1032.66304445225 3899.86214218152
400 582.932583600644 4955.03198438264 2000 10596.4529967098 400 782.18131555038 6284.37772863469 4000 10428.1305994135 1084.82799415233 4608.57445483802
400 563.959771019393 5515.04001022857 2000 9165.52290218842 400 781.136754070712 5640.27123876612 4000 11348.9400106187 928.541594716733 3988.35167030221
400 542.825314028278 4917.08594590801 2000 11108.6780340587 400 770.722004905406 5117.03178952999 4000 14447.7258121229 1103.70831010832 3889.83824540258
400 541.863780842631 5800.21149085698 2000 9266.70903734191 400 845.106634392647 5232.38257416416 4000 16742.2578492529 968.505181944769 3585.84014841849
400 567.928311695629 4860.05870399624 2000 10101.6765396406 400 766.352088926684 4949.28152612228 4000 11902.6516327956 1135.34046263954 3803.310403165
400 610.87378251971 3904.73092025925 2000 9813.10429718494 400 809.674489425019 5641.78934509025 4000 11143.0282356152 1135.44291793689 4367.30547962314
400 613.620180487646 5310.6163276291 2000 8542.58121538981 400 596.910707546745 5397.04719297449 4000 11261.5498422554 846.042538171296 3958.40228627565
400 581.137276243477 5455.43971996775 2000 10744.2165015807 400 744.20909586134 5546.70347453768 4000 11316.7954349404 1035.73705083246 4568.67741743052
400 590.94181886243 5287.41622883815 2000 9528.48568246863 400 727.899140428753 5558.28544888091 4000 11788.0339504637 1073.28161823047 3634.70070178749
400 563.784458663942 4264.6740073052 2000 10435.016262635 400 815.61407772602 5292.529482019 4000 12865.5004203155 954.406719391513 4248.34055414022
400 604.985645322416 5450.32760712596 2000 9716.18633161981 400 748.034397610229 6175.575461791 4000 12776.4854942687 890.661401721599 4737.01416853563
400 556.996379038799 4472.45720503868 2000 9598.78872557388 400 662.562373475612 4966.50134531207 4000 12718.2876390539 1112.13262887224 3906.25368172921
400 554.313992828159 5038.94727753183 2000 10293.5623272528 400 597.684932771771 4922.32645805426 4000 11784.0019797696 936.962460021408 3677.00613040519
400 579.497908815002 5370.65400405929 2000 11578.0754988383 400 787.606175835034 6777.69200849883 4000 10725.1831980506 1190.72780082905 4507.06628750916
400 531.715205969365 5241.08402792591 2000 9782.64062890012 400 636.003989304455 5125.35534773184 4000 10868.9887858477 884.188497009021 4053.49550710225
400 552.768842398388 4946.82661654171 2000 11075.0017523465 400 657.742828131775 5828.08698793215 4000 8567.90494406139 940.421636958305 3724.85913097934
400 615.718094942735 5567.73608808319 2000 11966.5673230023 400 587.78490830012 5688.07440591813 4000 10913.6242591715 1179.06988615232 3897.74467153689
400 499.556791703476 5993.02654546886 2000 12413.3582197541 400 787.751531953034 6659.71605137924 4000 10678.2852399787 988.19872838438 3853.63446298751
400 625.722193601158 4991.71747709727 2000 9218.22019828905 400 667.854182453257 6040.31370044739 4000 10479.438745115 930.170258071844 3457.68148958528
400 555.337444910495 6110.4492018645 2000 9747.13893498448 400 612.743548345598 6482.84292099152 4000 13771.9728398298 941.744134037857 3853.71472286574
400 543.23103474041 6128.89122575311 2000 10289.1911528465 400 819.77721049577 6081.80550252625 4000 11705.3561015324 946.680391735483 4980.45426324422
400 583.168163727669 6030.41235134306 2000 12123.2001351067 400 683.196512476063 6265.96722123933 4000 12116.4640344215 804.793549511832 3488.00664469545
400 635.128035612407 4603.10982005853 2000 11155.0228697117 400 765.892238567581 6566.45618062647 4000 11742.9649019768 1026.48992914332 4054.11279694889
400 608.977788549347 5064.43851624712 2000 12482.9936195479 400 779.914137741479 5055.56934656583 4000 8239.26140180221 998.475654184862 4572.44913295674
400 582.545970407585 4300.04148782939 2000 11591.6617154147 400 768.897615145048 5371.63047627231 4000 8460.23936659353 957.579380276896 4462.66788709136
400 651.771040666544 5351.60101980984 2000 10424.9488227673 400 699.603999614836 6466.92222918862 4000 10382.6022594436 1059.62097357992 4148.20123333721
400 649.721243298347 3849.71738644632 2000 10279.6825888097 400 659.75678592703 5762.29934703818 4000 9722.66086348512 1042.50059219673 3770.9814996575
400 642.123282839383 5553.1787212883 2000 9888.17661980042 400 782.09959812451 6355.64934464532 4000 8503.44992726122 1093.39729063607 4063.9499891201
400 566.556781493872 4487.68168007127 2000 11467.4554105506 400 734.056376354721 6401.01528974159 4000 11975.3492067687 908.339143972627 3934.89771936664
400 609.323797850143 4015.56235297156 2000 10518.2794357852 400 680.175099026819 7625.6671941574 4000 12731.8518496815 1076.80659573206 3985.71837423818
400 631.489333482778 4666.6840233329 2000 12846.1479341759 400 656.621335988468 8017.40669162777 4000 9520.11326720337 1013.03883329164 3613.69693142864
400 610.667651532862 3978.18564334774 2000 10750.866419069 400 681.232809810118 4685.42531057928 4000 10001.0726256002 1031.2883102764 3886.74352655304
400 486.445946446231 5782.73800253077 2000 10787.424666231 400 680.664199248857 6246.12783248801 4000 12513.1710693722 847.595343036651 4232.55287872074
400 529.432985106932 4285.23422622422 2000 10721.0229308636 400 720.177909180675 5453.8148793302 4000 12038.2020463832 898.081957604628 3921.09957300089
400 624.818938500578 4987.97836733891 2000 10592.2770510949 400 767.830483849191 6026.29367597154 4000 10307.2093555053 1121.71470354949 3881.17289608229
400 574.38153785459 5889.69010313973 2000 9639.96117720681 400 824.62210409985 6264.75419335521 4000 10690.6482326386 1214.02329622569 3952.90496054771
400 611.243678231411 4592.80030679809 2000 10775.9500035537 400 685.082607395232 4968.3766918735 4000 10267.3159136225 961.536283244683 3833.61290140544
400 633.984957306249 6188.57818848754 2000 9542.80233274913 400 747.590929553204 6111.70501248376 4000 13153.1673321318 994.48272408289 2887.02046793907
400 555.005124093026 4974.75911614664 2000 8700.12691497671 400 676.704822642621 5799.16265903398 4000 11988.1451838314 874.7682563852 3795.43161310613
400 596.639588443297 5572.8621941829 2000 10076.6879400793 400 755.792030880915 6635.60614356744 4000 8621.62499043823 1012.12144275565 3309.06111079155
400 676.0111673466 6429.64285370651 2000 10960.9871185881 400 718.451640111724 5846.65131971208 4000 9532.97797928213 1097.76987840855 4001.29235788873
400 542.555714735928 3166.98850033369 2000 9209.64732004393 400 716.146932437544 5282.53906989408 4000 10851.1455934519 895.409535525593 3984.06066510903
400 647.080993531813 4182.38339272303 2000 9696.19681417373 400 657.691991349722 6489.68012594718 4000 7906.13293826523 1058.85591281423 3573.44459840307
400 591.099252740874 3976.1694840595 2000 11325.9004809911 400 704.209689546302 6593.09494104076 4000 11583.2901809585 964.802207705904 3931.2408282504
400 565.753346138046 6738.22689561785 2000 9957.87733477746 400 672.154184441855 6006.91206096139 4000 9972.71616768612 963.863908821281 4282.50357443258
400 614.967599031116 5354.63808888052 2000 9717.58451355835 400 746.43694735215 5169.53063421766 4000 11381.8670211979 1102.6337658494 4406.25424862024
400 562.296522942561 4239.33400990934 2000 9426.82479518099 400 604.76465589793 5877.2132005486 4000 10508.3099889452 1196.97777160089 3847.50731423727
400 554.65115173963 3381.44778861997 2000 9672.67243342503 400 858.652869038589 6309.98014462668 4000 12382.3691959998 857.488722278048 3870.06184214542
400 579.562606604454 5676.34207163203 2000 10338.7664894715 400 765.654740119924 6800.23584678885 4000 17576.6558923039 928.448318293765 4147.38918201318
400 554.357915365005 4450.06442011471 2000 9651.61556900438 400 645.95028060015 7274.06578603562 4000 12086.1479724593 1146.7655319323 3923.87385608109
400 606.239076362889 3626.59079324913 2000 9935.96151271814 400 763.16452794131 7827.59224513171 4000 12279.6123205904 1118.42540986872 4228.68380060785
400 589.995493818114 4842.33513385881 2000 11225.4581770615 400 778.196305631312 6968.29486412511 4000 9196.28841628601 868.545718787988 3916.35870466628
400 592.362793052687 4507.6765813844 2000 11951.0098861316 400 760.119307864577 5778.86766746913 4000 14443.9659092405 1080.11594266612 4055.45562556562
400 626.508632639835 4814.87934662942 2000 9725.92963861503 400 732.422867254234 5207.22440993697 4000 16900.0637653128 1021.95496642582 4272.1697664735
400 573.36057497066 5437.69967139195 2000 9450.12830486772 400 579.881911938809 5252.98768529589 4000 11866.2578530999 935.461124667069 3825.85086385809
400 584.789202602072 5837.7405048628 2000 11468.8326006651 400 594.688563240301 5637.43864212249 4000 8383.45372341052 1009.81747026985 3851.23499314386
400 583.888822019289 5687.96877933248 2000 9548.10588940762 400 709.216035173863 6077.28808653292 4000 12684.9069970944 1075.75828303438 4183.03865328442
400 580.956060825952 5880.42343728817 2000 9468.59177842955 400 696.523367256211 5680.55772400805 4000 11310.6409478859 917.573665583211 3833.08073151549
400 589.4708429091 4516.37445250069 2000 12763.4203243522 400 625.801553145798 5868.65478512319 4000 8686.41602795579 1025.409385358 3837.25766195998
400 569.236850058061 5672.84865932262 2000 9490.05372787691 400 727.040723874388 7494.66292608245 4000 8732.56677966452 1130.10692946587 3879.1069932583
400 579.688993804552 3657.32325571439 2000 10837.5494588404 400 729.850131744386 5823.89958765721 4000 10219.8220167303 968.957910545535 4311.78290557105
400 558.503745931998 4797.50458543917 2000 10827.8562734485 400 743.891700254295 6042.85150173334 4000 9216.33048615723 1024.17561170604 3824.96577847812
400 638.445116333295 5203.97189358558 2000 9659.39735466964 400 802.203477040128 7094.88024901004 4000 12663.658640238 892.400265117211 4016.58704022771
400 572.361790302628 4819.91618788359 2000 11091.7524665455 400 770.428852403204 6296.43891943775 4000 8693.30823422686 1032.02505906934 4041.23301670693
400 589.160138698431 5088.67959098464 2000 7777.96305948715 400 689.423490550582 6612.06962414212 4000 13933.0888037146 792.024518024849 4219.8200933158
400 638.079774434995 4072.62766660553 2000 9283.49644058734 400 684.23281158875 3929.49615123395 4000 12828.7783606964 985.272904892844 4950.68744184248
400 567.150348891984 3620.07483689394 2000 10610.2083608033 400 587.63551541203 5379.49845294366 4000 8451.02912346539 808.394586644733 3905.06921533972
400 644.191214177579 2981.30698800456 2000 11716.4142666779 400 671.333583964285 4384.7938537103 4000 9829.95798325573 946.115795861292 3475.07202040409
400 615.300680221975 4871.32343241254 2000 11167.3826119084 400 776.744988896151 5266.49129659404 4000 11868.4961965745 997.065712923327 3673.40547446132
400 589.190176007324 5065.56165991039 2000 13106.407700424 400 595.563453256643 5444.02055005216 4000 11738.4453000721 1038.26134886339 3777.54710851574
400 643.674153628702 4982.63739484247 2000 12462.8670649892 400 681.672099567435 5795.79836092737 4000 9533.51076693569 950.15121804806 3932.73922668613
400 590.761024351923 6453.78283896311 2000 9996.75984891216 400 709.52704759386 4903.32249174087 4000 12081.1752313186 987.895872673714 4145.45803994071
400 546.458568524914 5070.55687128472 2000 11182.3913199446 400 649.652275545397 5396.33895774952 4000 10881.3939783908 1011.59828591474 3679.402361291
400 621.344641982939 4186.51388626367 2000 10017.8995059958 400 629.784492243696 5724.15892617148 4000 11234.0636127051 958.658336522401 3581.78176916151
400 571.635380154605 5134.37232592824 2000 9947.16754975805 400 634.408420998359 7115.24803140843 4000 9633.55953008502 1039.5476383454 4006.61248009131
400 620.636883525223 5785.52117222116 2000 10570.8809912522 400 627.152128847189 5569.38582624457 4000 11416.269991363 1075.95053573505 3953.2089897677
400 599.925019466281 3258.35121746624 2000 9180.09999046211 400 621.493461315436 5836.48295577759 4000 9699.33386516624 929.397956251292 3987.27744595866
400 625.969915328255 5667.85589009778 2000 11415.4640044222 400 708.310929757828 5218.10913295945 4000 10031.7616877582 1145.06535995621 4608.09672154487
400 553.960356464738 4589.54013624994 2000 9281.01073681447 400 780.338356259163 7615.21629408357 4000 10916.7512169378 1182.32211980624 3666.07807343596
400 582.218563688368 6065.10826053668 2000 8977.02597906382 400 769.992672004618 7488.37977181731 4000 9998.51548727018 1091.42676414968 4260.7072978068
400 610.181272052496 5053.68332730637 2000 9222.18954045595 400 604.72737114526 4944.46090634035 4000 8973.42810701256 879.279772296462 3796.67723756116
400 634.074307129357 5870.4182089192 2000 11748.0481704825 400 704.89975486981 5754.83917264521 4000 13868.0298496444 1026.84923628632 3666.06458778767
400 635.79212510947 5697.21859835748 2000 9097.0849917445 400 500.124591242695 6080.21003909308 4000 11313.3909543862 969.929006826818 4420.48049228149
400 596.951044312023 4842.35645897789 2000 10193.4858357118 400 672.500172120854 6419.71908927143 4000 10447.2794525425 961.801309316051 4244.70657906208
400 585.477981341406 4207.48692094147 2000 10605.8412121214 400 629.349425166937 5320.02413632485 4000 11028.1483984466 1015.51459557974 4110.42933914397
400 626.533982986468 4577.77190718554 2000 10747.5630448224 400 613.85063274712 5245.15036750627 4000 10840.2635158044 983.343285730886 4038.23383733991
400 600.483480507134 4540.15548024805 2000 9079.20469669925 400 647.879586864784 7685.99384165798 4000 11665.9306248427 975.786056438385 3727.02457836449
400 562.527554331912 5398.02314749102 2000 10704.1473338307 400 603.391490596273 4663.6212842245 4000 10992.018687182 878.024244185701 4123.9786876133
400 591.175465506222 3650.09377582764 2000 10093.9825609207 400 672.553564287879 5465.84405974596 4000 13134.7553585329 1000.99478190065 3509.11168071504
400 620.241334777568 4996.14668472397 2000 10072.5784999498 400 825.126307628879 4910.23863227404 4000 10045.3783866784 962.753549427416 3998.1107079309
400 677.077027039934 4985.64596433833 2000 9758.48813782412 400 744.331946836891 4800.86435717295 4000 9359.58288341103 912.41636499328 4415.96664184168
400 541.034150677396 2949.06797087812 2000 10674.0892922756 400 772.829838108352 6297.20901772292 4000 10633.8982344076 861.246991670016 3800.69242780763
400 681.927340196285 5258.67281735187 2000 10627.1046072436 400 571.843143138802 6476.85601475674 4000 7806.75435860729 876.128768558352 3992.93533585448
400 539.412642260223 5279.8115120481 2000 9872.13021285234 400 712.597869033391 5628.14170056144 4000 10018.8040748467 1071.05980528925 4434.78377752219
400 532.122901421782 5069.36748012875 2000 11658.010885321 400 820.363636114162 7771.63488476482 4000 13081.8157877145 940.423122175016 4045.23173987022
400 636.478980966504 4245.6985653191 2000 9266.87031059765 400 746.001351706825 8671.07185716778 4000 11643.5653639472 1147.5037458912 4055.61739948707
400 641.128730210891 5393.74163084922 2000 8387.55046058624 400 614.405762740569 4463.45199216799 4000 11006.3626848241 1019.27098445115 3588.20648772264
400 560.679082973501 5293.91204413453 2000 10215.0127305514 400 691.334663381901 6931.45071466478 4000 10503.9332854236 891.351503429235 4154.39705943506
400 582.658094419221 5467.41805449341 2000 11556.8279732088 400 715.370057261017 6403.62279766681 4000 9834.58092089611 1156.04892064099 4265.64866144898
400 603.67393282497 4870.14878151625 2000 11220.8577714726 400 615.105488798851 4383.02474611886 4000 12608.9064890477 1009.02612974132 4133.47487298445
400 542.761091954674 5338.44456105411 2000 10957.249161629 400 790.674650313474 6309.51420829834 4000 10555.1366857528 1056.7066436155 3884.06821434625
400 550.433445772373 5227.69528579703 2000 10191.5208735427 400 825.965345481216 5745.08468662444 4000 14090.6456668376 1001.07256693218 3948.49078760541
400 572.286597751881 5132.15423652109 2000 10474.4501406624 400 563.861998529912 6410.67337528869 4000 12351.4287590805 1019.15055804783 4212.76553148453
400 594.826149545514 3958.76026358052 2000 9515.98117315581 400 700.235123498592 6210.72798788579 4000 11019.9426667466 1024.02980408635 3530.33357652094
