"le" "costs" "effects" "trt.costs" "trt.effects"
6.61758333333333 658223.455121128 5.30929547795439 687779.975343946 5.84411514470195
6.17416666666667 668531.377007108 5.04563666042337 686577.6389627 5.52467603076772
6.14666666666667 494206.129012961 5.03989843683623 597214.22731872 5.50502061300317
5.97316666666667 604210.363616902 4.88917910410431 585900.312586279 5.36847738968826
5.7725 543929.379528903 4.80831949107255 632549.490413733 5.22699113677598
5.73425 461017.529852562 4.81262224429113 657747.239998946 5.19643793098232
5.992 509904.223886928 4.93489788274223 696145.319019056 5.39776798677224
5.94066666666667 483630.062669152 4.81799198608574 702607.828931664 5.29132923284115
6.17491666666667 611653.12282353 5.04064049673946 618436.441617882 5.50083435909428
5.84358333333333 565555.338890856 4.74937578003126 611045.603567704 5.22310493808788
5.51683333333333 494533.374415934 4.59035000373515 729002.717791594 4.99428433244788
4.8295 441300.966676575 4.1468354905242 543379.917101257 4.45432964177967
6.15783333333333 676585.085728745 4.98743862834943 783830.958897451 5.48127565364774
6.77033333333333 725240.983818306 5.31557493664112 853011.129724861 5.90400981038476
6.64425 634006.222672657 5.30908129235453 743793.159711507 5.86221487533066
5.88225 604390.071072019 4.81287671949495 734462.552938663 5.27224235859718
6.49791666666667 610782.425264805 5.23131766252446 805469.586708796 5.75044264199464
6.6095 573452.297392909 5.29140598166195 826997.129518038 5.83810842878139
6.9045 678261.749315277 5.49523203681914 729963.168170881 6.08328385207842
5.49091666666667 531978.460924517 4.60046640090237 616573.484848298 4.98492319767155
5.86883333333333 622686.017382417 4.8189285698828 672755.693498606 5.26830920816691
6.04125 603752.32130904 4.97104241053458 660712.936569545 5.42696218100774
6.97525 738120.312327614 5.56936923857692 776355.355470791 6.16041439672441
6.63875 680513.568654513 5.23293028442137 820839.342165646 5.83284734229819
6.271 553062.836573443 5.12637946051006 667997.38568264 5.59846659078902
5.69591666666667 504561.60912453 4.63612882672195 587634.114573955 5.08485392507937
5.20333333333333 472862.684106127 4.42039440927667 557335.298932497 4.7533845266386
5.41016666666667 539277.076523148 4.53112552667119 548579.169496558 4.90481997303404
5.546 540318.577069435 4.59915153869742 695681.592344644 5.00838463609532
6.0065 582395.391406607 4.90806065045741 644034.622520994 5.34338315717962
5.1085 477291.642995045 4.30247795739533 716371.86797836 4.65306966151508
6.18491666666667 595138.867195127 5.04538574101797 699669.258651781 5.52376804528446
5.92933333333333 517416.448872797 4.84344323361438 706300.734772062 5.29402583101712
6.18191666666667 665328.873381631 4.98899062303327 667183.261378276 5.50240880519765
5.86533333333333 568166.790855958 4.86986370198144 670773.627731498 5.28660813179222
6.3065 571119.950979112 5.08680588392703 755469.603188756 5.59636553990293
6.69991666666667 578226.491873508 5.28214935450129 717910.379904785 5.85479144027762
6.414 652255.87632832 5.19328612176679 656057.498776146 5.69613565151705
6.02391666666667 549042.022046033 4.87434220879657 551864.09771117 5.35007959312702
6.06983333333333 598911.689735723 4.99650606405481 728197.394078829 5.45524842942744
5.67083333333333 469527.79999895 4.68958882876537 608464.828277052 5.08674076619879
5.85375 646964.445380017 4.82016245047861 662281.11754285 5.26061003498164
5.75141666666667 521820.667225044 4.7096772011515 671284.779105598 5.1508062929455
6.53366666666667 590375.752870548 5.27506876514661 650141.680705631 5.79268034047099
6.66791666666667 661833.450916159 5.3679435275174 605720.152543571 5.88770806958885
5.95408333333333 570514.454730113 4.89073087045128 723084.705687276 5.33457833573527
6.57866666666667 645611.524677456 5.2296856275785 706320.210895747 5.79534714957328
5.89266666666667 481285.79934874 4.81776937480815 681628.055553963 5.28324842884104
4.90475 458795.427627045 4.23698573939155 652598.892466748 4.53611658923706
5.98008333333333 541687.721584707 4.91166665438491 678271.701966723 5.34649278054766
7.2505 686324.877723194 5.66552465127538 871693.946224195 6.31913174328961
6.12683333333333 539470.629875017 5.00452538802184 578661.400967522 5.48293020439896
5.9045 573128.648131135 4.84038868465499 657176.524088601 5.28009314357424
5.77191666666667 509402.761890368 4.71202362141504 597772.143780982 5.1501498382277
5.611 456657.095752465 4.66830039403015 570523.508120441 5.075791982992
6.88533333333333 664112.187725975 5.43787782615883 726617.416947718 6.02913789365631
5.46325 520945.991819121 4.52957693319819 588523.927866181 4.91606983857892
6.082 577038.455058587 5.00420322209681 580920.922092621 5.45358823532475
6.30058333333333 610734.903842471 5.09014100212035 666706.361836812 5.59833288615104
6.14891666666667 543208.015123646 5.04475718051167 791565.509035964 5.49559783466738
5.43475 539525.86992486 4.61403493685153 577927.37857273 4.98122545177977
5.56791666666667 523541.417388963 4.59236151854009 649088.875502163 5.01249556458016
6.42916666666667 667843.151171131 5.14096059067953 717785.524259515 5.69468916257933
6.15858333333333 664310.561833356 5.07913336648161 745145.336200267 5.52922580761999
7.31383333333333 722499.800668524 5.74857864400755 815485.964834198 6.39997619206897
6.22125 629487.928173113 5.07747791336121 728373.062151355 5.57694293258637
6.33033333333333 604917.335916676 5.12909247449709 639063.591819175 5.64512478484506
6.2885 634391.099542891 5.13835940730491 812973.356752284 5.62640490411614
6.56533333333333 618515.575556871 5.30339194556602 850581.823888408 5.8167953236161
6.55875 628843.981830762 5.24003221377529 692214.293589409 5.76121843936219
6.52908333333333 595682.213691844 5.24123844813355 718626.340489293 5.77839136386934
5.645 488039.295209226 4.74129591205545 676337.100715084 5.1220526144157
4.5085 341348.113867804 3.98952372593374 482419.794845604 4.20650772844739
6.01358333333333 560228.440856494 4.98418731077523 669943.71658929 5.39258768343345
5.73825 568103.650732288 4.75894832945843 619525.244278359 5.18006329656838
5.68866666666667 517044.879450089 4.7732480235112 554691.405897025 5.15562953756303
6.783 719895.847089019 5.3928872939391 789287.973217528 5.96820872966516
6.55825 692044.75622698 5.22539400701553 798296.873602401 5.77749835250948
6.23266666666667 660879.383770478 4.91005946618754 847951.63161141 5.46340232130309
5.30491666666667 441071.496989325 4.53694973791882 561208.727407195 4.86531170610515
5.9745 634484.128930162 4.88159083134582 802914.260068859 5.33281946270898
6.48008333333333 597795.452135416 5.2212295743104 803753.533775459 5.74335456024487
6.17075 554799.988851145 4.9988386724799 704958.049363761 5.50071284937374
5.86658333333333 530253.429724597 4.8946804145351 619038.898074766 5.31267063853678
5.42933333333333 521508.620308187 4.54061000402377 660657.441894596 4.92532919399659
5.19658333333333 469748.977064764 4.41252539985452 714454.379938739 4.7408069364686
5.75891666666667 571946.08452638 4.75732985314117 572879.351534739 5.19459701325179
6.43633333333333 634456.972375638 5.17618546170754 781359.24907182 5.69345312363687
5.642 577081.642219623 4.66643303059457 639847.459517228 5.0932595157033
6.8205 650894.040952522 5.40955972417396 831989.250601383 5.97671694839742
5.72008333333333 580597.082194601 4.70079780951093 690412.354982742 5.15361406709498
5.52508333333333 522538.922799307 4.69445506152704 616619.870606188 5.04600928968885
5.36041666666667 557739.125572014 4.54042727674152 589317.155853371 4.89392865658505
6.23366666666667 590053.594205722 5.02915465013145 747906.279848673 5.52728753096877
5.55216666666667 473396.342195726 4.6558871270138 605102.816208003 5.04334361628669
6.26383333333333 623329.715207617 5.08561304238937 632077.697371185 5.55848545409889
5.76366666666667 599105.677018499 4.7096475811935 664554.896225641 5.15115488937936
5.38291666666667 516108.548710998 4.48044371320059 582213.287000013 4.85179438813476
6.29966666666667 638245.775199518 5.14179942387463 687690.935086312 5.61975762048648
6.27825 658677.57357255 5.15124355880775 730507.443389411 5.62955867581203
5.97625 528471.240108937 4.86942149252055 655941.925437617 5.35250929983671
5.43558333333333 560705.042260221 4.55821449109153 576265.097494169 4.95415159062753
6.64258333333333 655967.030350684 5.3002809702769 761000.47097001 5.86318548658383
5.45533333333333 508501.446730457 4.51082863040917 609537.882984284 4.92794748834154
6.19725 578892.155260079 4.94183160265424 909610.80953075 5.45117127132002
5.75858333333333 566247.606922529 4.80107305870273 651009.580695663 5.20612945466405
6.59916666666667 552998.677710256 5.3769319820956 732883.119329366 5.86127999595029
5.68175 554578.541310639 4.75485082624951 606329.910070587 5.15890425316305
7.61383333333333 822398.130026066 5.8066537913378 978553.977489987 6.5563573264499
6.31875 635795.290277658 5.18274951168535 727272.798124704 5.65562503491242
6.54375 650018.877594551 5.20882542209871 757304.092441001 5.77593862995035
5.46933333333333 445226.757001735 4.59805482630296 531391.335354551 4.97324168873103
5.79991666666667 610732.540780385 4.81829775054785 729447.821008419 5.23460593950965
6.96341666666667 646262.348213396 5.57566715197823 739059.808082119 6.14409748829648
5.765 507383.630774245 4.80125828747756 563980.219792462 5.21239230026007
6.97316666666667 664657.407613356 5.57242952306626 682040.708618224 6.12216822420498
5.54691666666667 578379.216002271 4.65574996367678 689662.398863984 5.02461758462567
5.804 562898.27915648 4.80742244986224 627747.024878934 5.22784566117671
5.86416666666667 562802.178640727 4.83756058398387 774427.098786476 5.28960942418743
6.01408333333333 603416.622297138 4.92405439972951 723381.437523571 5.3846164063648
5.57958333333333 467321.301262712 4.644325275654 567825.745936339 5.03942397538981
7.06791666666667 565673.868575066 5.60571749232569 834271.039264195 6.212281613166
6.299 626886.253219097 5.09076643805873 620829.769347368 5.60193662821376
6.66633333333333 664292.198196385 5.33710497145325 857075.003484689 5.89521305685893
6.021 526412.250302066 4.96926085695045 701612.484224199 5.39806013868008
6.129 541324.195707751 4.97144737943238 750793.307509665 5.44900564437773
6.20508333333333 568525.677205672 5.0460822514699 640424.062724308 5.5381459203846
6.20891666666667 630923.305012866 5.05077013272676 721983.365254743 5.53900461339936
6.35175 638022.45614872 5.14817633480896 653391.584534907 5.66908558707083
6.38358333333333 699665.388107284 5.1527494606931 849935.645810023 5.66690937489857
5.94833333333333 566441.644530714 4.89985028883424 808636.793794577 5.35662119605038
5.50675 505716.540828897 4.61491069490502 629798.831860985 5.00183429890482
5.431 487759.878326343 4.51697514955624 634117.112510227 4.91333079536422
5.54483333333333 517830.273972639 4.55947726450952 603385.29890204 4.96764038486296
5.83166666666667 548307.56740198 4.80696399078245 697627.939661493 5.22146031441238
5.82416666666667 572468.130648327 4.74863866644711 756174.494247547 5.19981260327339
5.34991666666667 473293.768363505 4.51437502536743 705881.122568914 4.87262768191882
5.30766666666667 507970.258151587 4.39556096670137 577755.682161622 4.78897506067511
5.68416666666667 562454.399533484 4.68558436522874 678658.078424011 5.10536353778987
6.15291666666667 565939.157766008 5.0330531755037 758222.806650759 5.52210670506886
5.743 553995.891932527 4.69416976517871 699345.110255823 5.14350066452849
6.53866666666667 676437.405114736 5.26424972880477 758348.729221607 5.78780440069253
6.56141666666667 612853.272798062 5.24128157260396 769545.671308056 5.80347820981748
6.01158333333333 591400.906279392 4.91822788218187 739030.811411195 5.37141356577734
5.32525 571077.289612289 4.43320135791976 611723.873739459 4.81647549884744
5.97241666666667 502043.104514419 4.93905052803922 703649.886579167 5.38254068369536
6.142 612745.053623248 5.07610851487013 628977.352736112 5.51894269179733
6.73991666666667 661707.042314876 5.31120113666301 698351.122105062 5.90058415020037
5.70333333333333 537505.779923608 4.67935225703539 641470.255430706 5.11907121908622
5.785 608555.856361054 4.84428977902092 757901.790279179 5.2416497497298
5.88575 651072.583820638 4.82648820525868 622897.036997673 5.28608163424472
5.99783333333333 594132.974306939 4.84367122199415 728534.513003825 5.32516602726169
6.04625 543221.164798031 4.87546281180979 688707.582900861 5.36063496590147
5.74366666666667 515780.40702063 4.80002104438732 611705.997698742 5.19572511516578
5.89316666666667 610751.310752376 4.85301802622732 575601.377971555 5.28389947047366
5.87908333333333 603678.536291196 4.81949638291046 700489.357650178 5.26265671833315
6.13116666666667 583860.261626552 5.03350562860363 744147.756436253 5.50467077902288
6.94716666666667 577378.839609917 5.42300805017 785655.708594423 6.03443855498961
6.20541666666667 570285.140675214 5.07115557646259 708693.411233273 5.56095643514934
5.70416666666667 570133.065496533 4.62815391255319 684049.466779103 5.06769058170299
4.40883333333333 334687.813373465 3.94900528002871 512664.834030822 4.14464213777799
5.86533333333333 590261.271383535 4.81352004925982 714968.147657395 5.27683877235298
5.41216666666667 555644.343356027 4.55617159250074 612399.367253369 4.91818068731961
6.41766666666667 649451.070503163 5.19699324573929 650306.740060025 5.69621363424433
5.55991666666667 505336.036486623 4.70181291417338 656445.22721526 5.06956008774442
7.1515 716270.510685365 5.57501858923949 856479.265650084 6.23500661827557
6.08533333333333 667362.216292764 5.01369694325408 789483.199536244 5.44193488269607
5.97716666666667 606848.512705487 4.85761543021915 704439.812372242 5.32422607161388
5.23033333333333 472029.876904171 4.3728363891846 579446.168692693 4.7482621003927
5.38966666666667 514815.877848126 4.47797672720174 658706.273327993 4.88435814776694
4.98016666666667 504646.140745632 4.30851989027789 448153.863088123 4.60932484522278
6.27158333333333 640389.62872826 5.1124832083763 659594.041000854 5.59243218345383
6.57041666666667 574550.682624913 5.25172991034957 732424.375357922 5.80180183749066
5.64383333333333 517296.573372003 4.66790149027471 686092.424498094 5.08149281951798
4.99625 420173.407443 4.27887584287574 494286.985773366 4.59074567058608
5.986 571743.773509611 4.97152513992559 633812.124634417 5.39739044471884
5.88308333333333 598033.336850465 4.82195731034279 589845.768686398 5.28434630665283
5.78541666666667 544851.704826194 4.72522520529858 633642.928640839 5.18265408644106
5.01683333333333 427486.4541436 4.31489224078437 514326.907442042 4.6210724760903
6.7085 740463.865481824 5.40509374524958 785463.50277974 5.95475962096275
6.59108333333333 645179.548495878 5.30122110135102 709359.908353261 5.83166358570499
6.12241666666667 549183.613973028 5.01371033482103 631629.424374323 5.47510789907666
5.67491666666667 503437.666346518 4.71102784104554 641537.821066915 5.11710855644698
5.65825 498663.653747353 4.65916285406465 786627.994148098 5.07190389927925
5.42358333333333 519134.053061193 4.55037541251268 608765.636550161 4.92620353196407
5.90783333333333 530306.845015617 4.91364650049029 636625.64525021 5.32263704198649
5.85166666666667 641379.077903241 4.76928145245422 651566.548917994 5.24035245061073
5.99975 619749.412382613 5.01209169219021 673818.594995673 5.42357588326551
5.54833333333333 532623.226204703 4.66424161711611 702545.547250809 5.05093017266129
6.3285 644323.77227013 5.06947986009553 781667.589290112 5.60528613268234
5.3555 484844.863486596 4.54069457425173 624608.71794467 4.89859930578666
5.26 562841.784064163 4.44984193251643 572391.866018363 4.82415430503752
6.45591666666667 568016.631815418 5.3002212583592 653460.168014481 5.79359299604868
5.63166666666667 545922.464941604 4.75479402499761 568128.725645424 5.1228238063938
5.28475 466203.943665106 4.43477836093427 578716.770195774 4.80006932979217
6.16816666666667 526172.409791245 4.97856486709437 746768.56608046 5.47875119019027
5.48733333333333 475937.539482747 4.65982051348615 608670.766144368 5.01544209523819
6.2935 549578.456997741 5.11217687568523 613209.108289902 5.59141238481995
6.74616666666667 772364.908506986 5.49668907070559 850540.894605279 6.00628574858768
4.80691666666667 409022.29230917 4.13186012298712 492407.016332794 4.4152864310516
6.15616666666667 569010.594651981 5.07126465774051 645749.361783967 5.51488433602697
5.42941666666667 438702.510685763 4.63131292011901 618884.43980575 4.96315253169974
6.58708333333333 547206.375722848 5.28981287272601 834982.68597917 5.83832912178759
5.1605 438165.36206719 4.34660040256059 583886.245121267 4.70099071462091
6.96091666666667 627246.386643854 5.54760542812337 737036.573959122 6.13803186740215
6.48416666666667 721498.425430765 5.24120343794985 788923.327013955 5.77256295185854
5.33716666666667 537664.563186502 4.47970084324261 634978.581256446 4.86533918253283
5.79508333333333 468255.71611816 4.7967065338321 627793.315961745 5.20603303290204
7.12116666666667 748928.253195154 5.6630347015901 900232.801045969 6.26841200194578
6.99041666666667 774847.558667322 5.51466668821416 868870.28962123 6.14240395779365
5.80508333333333 578709.537445783 4.8010686088436 721911.688070214 5.22655635012442
5.92825 574226.821979091 4.8818236577133 686735.479843474 5.32019476121262
5.49233333333333 497150.055155514 4.6149442242341 636130.008687139 4.9969036097269
7.16591666666667 709103.876428823 5.6081864717084 875509.713546979 6.24918982352035
6.41991666666667 611779.191533303 5.07655112177539 739086.771634081 5.63139911060856
5.13616666666667 473922.360089398 4.4328399987295 491284.126130429 4.74082528743143
4.84575 430678.04165402 4.14989742475842 573138.276582434 4.44821532303724
6.6805 613506.144921331 5.33199544137851 841434.922297742 5.88494504636525
6.30591666666667 577251.150377399 5.10798380087393 640777.154394158 5.62133177257964
6.364 725845.821281432 5.09434519625925 750683.350837872 5.62192372426765
5.93891666666667 591852.304980875 4.96623445973937 685777.587513651 5.3693375921308
5.74266666666667 661766.594787867 4.72229473869901 744439.139079883 5.15134011235556
5.58133333333333 533802.529774578 4.6399317099149 717929.208762907 5.04639578268962
5.99766666666667 518459.366353149 4.93436386555267 715378.924437071 5.37524222719605
5.78833333333333 574041.218416939 4.82071722841029 689072.387034833 5.22869985664706
5.86975 570032.482609123 4.82455420240686 660002.077244188 5.27919276211992
4.91866666666667 469999.809015983 4.23903286710117 503911.728920843 4.52723524243195
6.00391666666667 494118.230833001 4.90415289385802 701375.908669723 5.34858303194978
6.4555 686009.136645743 5.20929340760699 780424.180637997 5.73275044549349
5.55908333333333 629110.56820122 4.61780542159269 649836.298774346 5.02327497172903
5.47658333333333 522904.356552954 4.59401412310796 592792.948672655 4.98026366598822
6.01633333333333 593935.385584863 4.89285459644958 684803.679657103 5.35493550022028
6.68725 676108.503858779 5.36831851977121 712492.260487823 5.9175931524313
6.67366666666667 700232.287888812 5.27564243877088 763958.726320933 5.87802125092694
5.15683333333333 424783.333222802 4.40210321566808 474859.154587226 4.72005326656344
5.5105 544147.92669638 4.62651108119769 542839.875901383 5.00337941173196
6.04341666666667 540119.26564389 4.9553367258858 629851.614030408 5.41546960210961
5.11925 438483.174955812 4.40106541866609 514626.798991349 4.71215309588335
6.2775 656826.84140632 5.12045138315872 740473.522656936 5.59333798305819
7.35683333333333 738689.15202133 5.75709537248274 837932.434061979 6.43239402791527
6 617676.922604553 4.94201491695568 838595.843085116 5.38332518808324
4.98991666666667 478626.402903808 4.29897042960352 467594.127897091 4.60100677377284
6.83858333333333 627312.51502504 5.52273957800684 854734.352842336 6.07222613151264
5.54658333333333 524613.995432962 4.54274800979747 616073.562602957 4.95823442992024
5.10333333333333 517336.774987205 4.41660753241801 567846.937738995 4.70401256536322
6.08166666666667 501325.666907341 5.03594119140839 674309.380056057 5.47168819983311
5.48225 530363.910338656 4.53458440609396 580467.272103089 4.93887384056721
5.97383333333333 578763.979651448 4.85823377073328 707006.303297217 5.32359932656527
6.76333333333333 660808.438741554 5.41610559113343 770792.175677952 5.97129608393595
5.85033333333333 559551.142253559 4.80577216660498 582434.448035405 5.24725495301602
5.36958333333333 550740.178136593 4.4595338093922 617662.858358256 4.83637912649279
6.60508333333333 699370.189130151 5.30178809681708 757326.221789562 5.83748522800844
5.64458333333333 531995.145386866 4.65648659738962 639164.192433965 5.08423529259446
6.55425 658666.835773669 5.19492373210423 724615.317985434 5.76833112018241
5.51316666666667 588276.138697694 4.63373792182344 606503.903733415 5.01760869675469
6.11183333333333 652209.764841969 4.97300686363319 941386.16190911 5.47153981890436
5.63683333333333 576422.399502433 4.71027512588594 616527.50744992 5.11719039878688
6.21975 646601.049856819 5.10504217701049 684643.164156557 5.56267425951312
6.10433333333333 580676.837726143 5.00042195143294 721823.989515438 5.45427171549488
6.37425 575853.242665595 5.24532474874291 683180.370499929 5.70949261269694
4.63525 423183.891296454 4.03037932282556 465690.449878635 4.30009733286727
5.70916666666667 600297.400696994 4.746194515413 588041.004478568 5.16008501764959
5.84466666666667 574833.013573963 4.7684327351135 593585.437214625 5.22290788177356
4.79725 461779.913929781 4.12318915371046 702739.094881178 4.41293923208992
5.68866666666667 575101.068181812 4.66287530538688 707375.484927231 5.1074982319387
4.85816666666667 416066.668963748 4.16621521369183 495125.251084508 4.47632257921946
5.47116666666667 492049.1941711 4.61376280120018 525265.411542925 4.98844408429083
6.30216666666667 540364.983221697 5.15839560868679 679279.209497334 5.62655398433636
6.26816666666667 591976.700331616 5.06941368927319 786458.269641939 5.59718996122214
5.57133333333333 524434.994442268 4.64658050562542 575510.729194948 5.0387396200055
5.60733333333333 443679.939281393 4.57585188813448 649438.261319199 5.01088133333472
4.78916666666667 425045.933534151 4.16475882579737 461988.759824892 4.44802202950033
5.28033333333333 436698.046337409 4.51059961086774 551176.826826412 4.85318544734912
6.17575 538248.884726526 5.02483602234478 876638.858945569 5.52561738260216
5.95941666666667 615744.500227162 4.88466988634132 621382.272852986 5.33552115007412
6.68183333333333 703221.302951194 5.39734399804392 662096.968347014 5.93207503148078
5.28716666666667 485689.53440162 4.46475721644112 572863.435955709 4.81474354656483
5.41691666666667 486784.424551907 4.54083787516109 609272.615179497 4.91764970981109
5.42758333333333 491548.865164251 4.56606958741611 616655.113012861 4.95149643819886
5.73333333333333 578583.724223966 4.7255724683479 698706.631284407 5.157155952372
5.2455 565855.79205354 4.44032437920029 602358.737383771 4.79212026853694
5.39925 485079.411304638 4.5796856868315 644486.145313253 4.94387148010091
6.70091666666667 627531.596471376 5.33876770194069 806967.475637074 5.89063446190012
5.92091666666667 557532.216006873 4.82275540372001 680174.314948188 5.28551338149655
6.14466666666667 663309.257849605 4.90501147858533 865405.171459217 5.42425755817002
5.64416666666667 551410.433760261 4.69500229899496 697055.296841213 5.10098428297142
6.02858333333333 600930.473700612 4.98451110338271 770087.15378617 5.4183502802967
6.36008333333333 663871.416355095 5.19750091400409 811430.781920732 5.68871791670467
6.39566666666667 597299.38940782 5.19323282919577 766124.508689127 5.69537406538319
6.4735 632468.000013517 5.22020546030434 695272.61250468 5.75601996329465
5.84425 596081.864264202 4.82897140341151 567418.945951279 5.26524429356559
6.18058333333333 539776.220522445 5.05734853313618 719980.68030316 5.52152508144887
5.2005 492737.737353371 4.42394592517093 630519.703799439 4.7625510796356
6.93016666666667 771792.137120523 5.59270515864663 752424.883880371 6.14463947337326
5.34091666666667 413846.778722032 4.61260672104305 563759.389400023 4.92009305446486
7.12925 736598.567837838 5.58929517587239 871669.320731167 6.21763981826536
5.99466666666667 573109.745054009 4.89157773443356 654406.959718638 5.35717442421167
6.28 679840.478745675 5.18316099486985 659802.33013125 5.64203147595788
6.11691666666667 563253.280712314 5.0024967133667 676674.670520805 5.46663257248339
6.65041666666667 616358.672118645 5.39196610370003 687768.680438929 5.91367082615738
6.74808333333333 707618.736090239 5.34479749836993 785486.34485413 5.95399296224252
6.07808333333333 572212.827576983 4.94208882001361 944280.959237913 5.43687087255816
7.07041666666667 697863.208337149 5.58302249871607 745280.445851242 6.19445449608773
5.78416666666667 513470.529660237 4.79066703602247 637198.893948198 5.23315785808969
6.01925 527145.39949032 4.93787522538799 722366.182401658 5.38586026756122
6.41508333333333 630414.327639171 5.10872794487878 820306.398201494 5.66020010480005
5.67875 592939.813426733 4.7280230576326 635126.640797443 5.14170384429984
5.88416666666667 658307.065755098 4.79895184569678 626513.319458586 5.26377381853851
5.02808333333333 532037.743912694 4.29663977525337 587077.086658663 4.6184062821919
5.07583333333333 504655.858159613 4.32477335468482 606844.01173499 4.660899498092
7.04916666666667 703252.640243614 5.5238537628146 855848.295963087 6.14158241915005
6.03683333333333 570950.432077019 4.95013667661315 771875.084538526 5.41330961876524
6.34575 643414.107747555 5.09878097963003 702905.082927772 5.6100309655866
6.99833333333333 652377.816107471 5.57197315049193 891059.634429125 6.16341538661579
5.77291666666667 564548.429786834 4.79994230807112 677972.763136165 5.21279801272386
5.99325 568104.354205525 4.96470951234674 745567.334200702 5.38894259106073
6.04325 512202.293456246 4.96850207898517 749516.066277129 5.41014910392244
6.11816666666667 647965.598850965 4.96515498994472 794837.707253336 5.42720524667737
6.39258333333333 607100.656461641 5.18989834451766 821289.124413044 5.70636890324216
6.3655 637272.139610072 5.13402921314495 782242.169059194 5.64057652386831
5.44483333333333 485289.711275121 4.55814260182133 521238.855814472 4.94233742396175
5.9675 552447.54760007 4.89944763603926 693123.436705614 5.34797946993166
5.66908333333333 498867.352256759 4.72166136472003 637797.000252892 5.13551586525857
6.9495 714445.601027836 5.53514895492071 749490.737092692 6.11151837664484
4.94683333333333 403077.265651755 4.29805801299728 492218.903136993 4.58640090942103
6.72783333333333 663323.148060429 5.34888232345214 661401.946367094 5.90578052521276
6.09966666666667 642049.528365674 4.9576293835415 709431.247734915 5.4395431666441
6.13225 513764.707851968 5.08474560744198 650888.172882392 5.53483396814595
5.30983333333333 502097.76187 4.52244364720829 638057.722504585 4.84668991618717
4.751 453937.658306788 4.09333809511999 595399.085653993 4.38017750011818
5.69166666666667 526928.915953282 4.68828901707961 644159.510834189 5.13487157904554
6.33608333333333 567955.616162527 5.14973132051076 636522.194065494 5.63716691022941
5.92708333333333 669596.101213445 4.81108618502509 738095.046169906 5.29649103193529
6.27033333333333 609217.668875625 5.13280043059643 715245.735904948 5.60370716171715
6.006 582531.516774176 4.94533585161288 678518.539913401 5.38379303185029
6.92183333333333 730345.642634822 5.47184375816277 749693.804228589 6.06146543633637
5.86508333333333 549644.059037401 4.87060125235893 629646.656926886 5.28162750302481
7.15566666666667 635701.999839115 5.56748501461297 822287.81674992 6.21492354197441
5.18775 491568.165686354 4.45105993554719 476700.545095731 4.76798733401826
5.427 538370.203388207 4.46308829430704 633047.726069397 4.87438354964522
5.30483333333333 489336.211923148 4.53211028283004 585571.523122872 4.87302719461265
5.11116666666667 474817.766626176 4.24265832888637 620968.379733047 4.62542320928292
6.27425 638919.566209272 5.12165315462219 797049.701365834 5.60871983116732
6.00083333333333 602541.552819916 4.82856094137181 598283.297329618 5.3266581846289
5.70933333333333 460152.716246178 4.73724562419901 681820.478733627 5.13846256038724
5.95783333333333 555861.573686891 4.86263444061048 707445.674154466 5.32972477051808
7.12116666666667 657991.793874733 5.6276719218239 848312.756772018 6.23716274515715
5.06216666666667 480328.957161093 4.37053696976612 527072.897440224 4.6853958698962
6.20858333333333 604188.762599166 5.05217703443845 835017.806077562 5.54245108817798
6.47258333333333 680264.728900816 5.17046211363008 645562.606059791 5.73190067749661
5.41658333333333 511564.024143577 4.60589270738658 631295.424270521 4.95911603749559
6.18908333333333 679809.876999208 4.94689321335338 734831.068691504 5.46270968089683
4.99816666666667 458209.501454663 4.30310744424274 611410.477757962 4.59601469502804
6.12066666666667 610867.43081304 4.94188994858995 688192.629602313 5.42334152519064
5.12991666666667 504919.375571137 4.34312731460293 514100.887338603 4.68645693577
7.11175 767170.985590657 5.57106270834625 707459.092147392 6.22345884542881
5.897 516006.440905457 4.77740691453192 715004.478289012 5.25534933359178
5.21483333333333 507377.648449644 4.39572568226502 573467.322859196 4.7505526281137
5.48025 541838.597726733 4.63706990157993 560791.467550849 4.98649791416468
7.122 721686.922193101 5.62497150773607 755780.974900731 6.23441105185893
6.07216666666667 606923.490620406 4.98006277234806 646557.712072622 5.42783454620498
5.39166666666667 483863.850512022 4.52090933469123 688632.833180133 4.90093209920565
6.63191666666667 581365.885625501 5.28411806906878 771051.452376721 5.84125552162882
5.11041666666667 536685.786925241 4.31998650816884 636634.805233333 4.67105319637719
6.75375 637400.579135718 5.38102637738883 718629.915245485 5.95702641760009
6.66741666666667 613516.688528273 5.30222514448613 723289.858413512 5.88035312134936
5.39125 517548.636460759 4.5590619216695 637909.667418308 4.93043099144225
6.18141666666667 670819.004890671 5.09628550764704 775748.662431746 5.56189874513232
6.16816666666667 572400.737916209 5.05515085904384 599409.961352459 5.50970313316252
5.03783333333333 531041.095813449 4.31646716318946 613191.763144971 4.63095584842841
6.90033333333333 737858.383314618 5.47387854925172 845144.584353539 6.06372319245745
5.88483333333333 607679.235692702 4.85362946652723 772411.714118185 5.29007626091298
6.42108333333333 640092.493337112 5.12673756267127 709436.426345262 5.67567085000405
6.38775 636009.91354716 5.19121438702337 805456.746556487 5.67722900107035
5.54908333333333 534271.531050277 4.67927843744326 531928.925287524 5.0415701257265
6.23625 611014.044543462 5.11450438406262 651998.015608176 5.57834299334648
6.2675 602380.491547359 5.0229626405135 705935.916923213 5.53951625390547
6.70066666666667 657919.884763743 5.29162516937193 808409.655701323 5.87003003233991
6.71775 558814.681633344 5.40334598140584 686811.219082691 5.94735227310088
5.66775 542914.721451248 4.74856882359846 665985.274240048 5.13910953931795
6.19891666666667 589970.03928852 5.01084181835591 692817.182437434 5.49735383349489
6.76416666666667 624016.856940126 5.36323335056425 860878.993673521 5.94164175450372
5.53558333333333 485770.944133873 4.63726442884433 608603.166328905 5.02090700875109
6.004 511102.97206616 4.90981186161071 645211.820290865 5.36803394515008
5.33758333333333 529147.159207379 4.49452288100346 632000.808282516 4.84883403084454
6.44283333333333 627600.581579811 5.20906065944357 697353.83222478 5.72537668657994
7.1605 731377.637337001 5.626911701239 851663.900764621 6.26454536341389
5.43775 459520.843865721 4.56168649832353 572218.837780604 4.92862996313687
6.01275 580769.405842232 4.93096771043714 592614.192414816 5.39742584418074
4.83825 467760.262943482 4.17279789296533 516449.133867796 4.46260111906382
4.90108333333333 379344.987513202 4.18595812265406 567869.154054275 4.50163838626358
5.51891666666667 518302.84963837 4.57769140827809 685106.208081832 4.97350616718936
5.52316666666667 485361.901363428 4.63523380115503 568205.185340897 4.98855191909484
5.64233333333333 506326.377671162 4.72983842546881 804293.172688199 5.11977924651015
6.06525 561670.236480245 4.93980425679567 636821.461878284 5.419454958507
5.958 588439.055736077 4.81905771956434 689936.363774592 5.29793790626953
5.87991666666667 559422.215028767 4.86444935041034 666390.234834287 5.29590374616888
6.06975 554975.040283164 5.00621470873209 677705.185539842 5.43983765678825
6.74966666666667 670562.737804241 5.39348959118615 865023.919232425 5.94737858313965
7.3865 716835.113520247 5.73472648810592 1090226.72562282 6.40938713825317
6.56733333333333 620124.843502705 5.25074414599291 754694.432149961 5.79206206617763
5.36925 443450.451202477 4.52802797436816 588944.815436904 4.88573331282304
5.58191666666667 499454.329966121 4.62250540442677 621666.172345518 5.04516295942651
5.79508333333333 577211.690611403 4.76918616698805 654033.495912345 5.20488891581666
6.875 661111.237321744 5.42138772130706 833143.332578419 6.0347417184425
6.25883333333333 581010.599212884 5.04362552748842 765646.140423429 5.55833382009536
6.18875 589083.214422623 4.9920298137163 769732.94686006 5.47828045220733
6.84441666666667 625423.240814939 5.40417808360798 832849.393554946 6.00570872341137
6.45083333333333 615828.954072693 5.25611798291117 718617.334387702 5.76104077175424
5.94641666666667 614747.894875019 4.8959546013292 707892.376090131 5.34930300567196
5.793 547195.36164715 4.73046531505764 630982.556683928 5.18516940558321
5.97025 579825.777603999 4.89320147698907 604328.071814886 5.33979223705767
5.52283333333333 577844.769050314 4.57467341670259 603785.550925958 4.97091435278318
5.94966666666667 646243.034617 4.91559711503271 690954.032661353 5.34460073588164
5.89983333333333 546308.730602906 4.76658728601242 681798.414250898 5.26526316927146
5.82483333333333 581211.263329863 4.78257523144136 759834.070029867 5.23254348459143
5.62875 580207.543068995 4.60378731794982 680003.05383054 5.05136744516727
6.13883333333333 674363.938158326 4.99489005108139 744109.604109056 5.46985484119483
6.79641666666667 671594.92913898 5.46471698725471 843125.664025023 6.02509066662402
5.97691666666667 639586.146337604 4.85693646416227 581409.033196552 5.33343282446162
5.4415 522549.564584291 4.52211772475967 540387.579156717 4.92715886709789
6.02825 592910.930517904 4.95284233575166 692014.655128443 5.41313028621831
6.70466666666667 596393.716900564 5.39843789976801 720976.020777392 5.93579053156822
5.53491666666667 532825.094958314 4.59662469440683 582603.641143231 4.99823867629377
6.17516666666667 612401.476679564 4.98481099855955 765617.308146207 5.49056511538868
5.35308333333333 461489.858868142 4.50058895648849 691547.853643325 4.8591971383479
4.96483333333333 486557.795461541 4.26974711092943 589134.561452442 4.57384741750078
5.11233333333333 418082.561815522 4.3896993826683 470422.417376063 4.67381772773368
6.74416666666667 705479.263659808 5.32420698721308 862855.018227293 5.91899645002257
6.18616666666667 564782.252946519 5.05230013136239 711599.487671422 5.51947025482268
5.71425 541227.35397404 4.75870915295774 628792.041493399 5.16295363698411
6.58233333333333 645474.769317654 5.30056833298219 767542.633973174 5.8318329452765
5.39741666666667 500502.780748347 4.49070869410131 551230.057821459 4.8734638466995
6.72158333333333 667529.323078688 5.39294467392458 850976.248371999 5.93350153455937
6.18133333333333 538483.311801907 5.08270666374567 724505.893103415 5.5498140002456
5.64716666666667 556226.886752528 4.66317523296572 614884.028811514 5.09916661306279
6.11108333333333 652057.442947655 5.03777589302913 645594.283841543 5.48479230855163
5.277 396206.699128173 4.44287299523126 559802.876341575 4.80269561777733
6.30641666666667 555746.204960393 5.13706829517471 653075.829118522 5.63382479255811
6.76 659441.875459781 5.34560881379843 841981.010236208 5.93446085319972
6.31858333333333 666605.594834246 5.06847860647782 707496.414864203 5.59796257225587
5.66691666666667 522582.125617257 4.72634734557728 604654.109282454 5.10927746112006
5.75233333333333 501836.553975358 4.74305923144651 646812.286154304 5.19454927847791
5.4495 430053.705407414 4.58245261149272 659355.985815987 4.95838542467862
5.815 571390.578570913 4.75849637229771 859188.440730294 5.18850805065166
5.9925 523551.144531983 4.93996236208446 755969.177461945 5.38174224947499
5.16291666666667 426279.432778088 4.34092055662296 676542.167270331 4.70137502975682
4.93291666666667 463950.648879008 4.20701210557356 547295.428930252 4.52323135121667
5.76483333333333 558884.689751051 4.78607289337784 725336.863225247 5.19524848727106
5.42841666666667 487116.056440952 4.58736200835166 710842.515049021 4.95912015729879
6.22258333333333 597347.283057125 5.01085981699668 730613.616459508 5.53828909195517
5.94291666666667 629497.643050843 4.83508934374014 592267.327792822 5.29805696569506
6.20025 599132.958299041 4.97351096127424 774461.430244948 5.48083876912061
6.2585 602367.469311351 5.07610210712921 710150.209808662 5.55800452077853
5.33283333333333 525652.542863513 4.47138160910002 533152.748605244 4.82950633200129
5.79508333333333 546082.216741516 4.78598204542502 653719.058843808 5.20272761280155
6.15583333333333 546131.585071866 5.02677715328081 675834.971349522 5.49801458720436
6.3175 609036.16723362 5.0812510816933 675652.251175164 5.58333716710467
5.43583333333333 508589.347066531 4.53041706667532 703502.54225804 4.93086442604977
6.18808333333333 607537.710000284 5.04915064444318 660799.179136409 5.53474457139476
6.68483333333333 567843.121323659 5.32632715120055 908018.799602421 5.89426051738625
6.58083333333333 568463.406902884 5.28908517472584 744903.406150262 5.83078036752037
6.13833333333333 548835.92203467 4.99623298859155 611192.248056968 5.49103945331529
5.91183333333333 507885.829046292 4.92828846468468 568427.064816657 5.3463396657365
5.339 504656.530458672 4.53519580307498 582613.032902605 4.88306191781459
6.46466666666667 704728.217016402 5.21341012729414 739344.263947638 5.72496993787378
6.11641666666667 640652.35869284 5.03712505918538 648792.105987807 5.49754770993599
5.50491666666667 559288.938540016 4.61425974633788 596942.033314869 4.99206570948999
6.1905 619274.78487657 5.05209327555785 685440.671715941 5.53806860433723
6.769 623465.565897074 5.33716206858461 795614.972076571 5.92979815888804
5.80083333333333 539877.227356315 4.81094249602286 661732.629686926 5.23102563923236
6.9365 725311.3549335 5.45927884117797 823223.605234671 6.07898950150464
5.96508333333333 459583.946662319 4.89806855961673 627194.666040533 5.33148019966373
5.99983333333333 637560.68601386 4.86229871007084 642158.324382509 5.34883078557185
6.19341666666667 549027.131054777 5.01271672319418 780562.260836897 5.51292032196071
6.74491666666667 651679.784321654 5.3678073160062 817896.875866527 5.94177892867944
7.3815 684723.951695026 5.71926490301382 750374.90701362 6.38621727047196
6.25333333333333 682377.696856279 5.03326689956696 807500.132345565 5.54618401411337
5.61991666666667 523803.160640805 4.69529976286886 632769.786010482 5.08823747389807
5.01866666666667 451929.452478243 4.30498352966728 556601.272196139 4.62189078197876
5.82783333333333 517191.109521134 4.89205923066024 622655.994425003 5.29482699394578
5.44075 513908.689983376 4.4991719186422 588539.266533582 4.90794653266309
6.32216666666667 554974.778722088 5.06103988959199 817552.839754112 5.58302345250989
5.34558333333333 519655.500721432 4.46339472531419 545262.415501951 4.83585889249903
6.07808333333333 504034.910241897 5.01559315001226 711947.136537591 5.44737609055313
5.88675 549575.835788852 4.88333489884322 605215.408840601 5.31396747173841
6.25266666666667 572491.026586103 5.09882507434688 612137.841227888 5.5609441092476
6.41266666666667 554564.479089373 5.11765738601466 751067.987025961 5.6542676018604
5.162 490799.872394462 4.40288667292051 517007.914255669 4.72925107338475
5.17958333333333 483049.835355879 4.30882602453654 548898.993629872 4.67797917914115
5.49758333333333 535433.299793438 4.62776653143496 727352.110682785 4.99254210212736
5.29275 449771.851542327 4.4047523705722 711999.320175816 4.7896117830278
5.77983333333333 507275.97437239 4.8147420150736 580456.201031489 5.21597792717845
5.48258333333333 511027.806633578 4.62937011228242 629981.335805306 4.98815980225762
6.185 658215.035109311 5.00533246740175 706260.873375027 5.51931405395858
6.58475 643723.195800336 5.34799663008244 725777.17243215 5.84905344884546
5.37958333333333 523488.109542955 4.53886096755365 604774.194945485 4.90192538370214
4.97633333333333 464960.702065566 4.20283879609012 611390.402211372 4.53727428581536
6.26366666666667 613003.099122827 5.04978396787169 779352.785543286 5.55920478425426
5.13583333333333 403671.533046008 4.46099047877964 560327.297108436 4.75344622361641
